tree
version=v4
num_class=1
num_tree_per_iteration=1
label_index=0
max_feature_idx=14
objective=binary sigmoid:1
feature_names=Sex Age BMI Diagnostic Stage NLR HGB Surgury Chemo Radiotherapy Drug MSI GeneMutation CPS ki67
feature_infos=[0:1] [15:91] [13:50.200000000000003] [0:2] [1:4] [0.59999999999999998:51.75] [60:166] [0:1] [0:1] [0:1] [0:1] [0:2] [0:3] [0:85] [5:90]
tree_sizes=1115 1682 1655 1369 1273 1664 1583 1151 1352 1238 1259 1477 1443 1564 1353 1250 1353 1570 1460 1343 1359 1385 1590 969 1539 1267 1127 1346 1840 1247 1147 1350 1361 1366 940 1185 1142 1137 1056 1280 1033 1476 1236 1151 1631 1151 1232 1558 1129 1074 1070 1142 1126 1225 863 1481 1458 1596 1181 1544

Tree=0
num_leaves=10
num_cat=0
split_feature=4 5 13 2 2 2 2 5 3
split_gain=27.3672 16.481 7.56001 7.54368 5.84423 4.84657 4.82947 4.2071 0.620001
threshold=3.5000000000000004 6.0105000000000013 inf 20.197800000000004 20.250000000000004 19.330000000000002 27.630000000000006 2.7805000000000004 1.5000000000000002
decision_type=2 2 8 10 8 10 8 2 2
left_child=4 2 3 -2 -1 -4 -7 -6 -3
right_child=1 8 5 -5 7 6 -8 -9 -10
leaf_value=0.37705421127795824 0.35262248330630513 0.26947106926554365 0.30098277688178576 0.45481341798623809 0.479184365063551 0.37080817781543235 0.30943308494048544 0.39947616332625097 0.30719610198277192
leaf_weight=5.5577688664197948 4.9709636270999891 8.3937259763479215 7.5336142778396598 5.1188707947731018 6.954847723245619 22.547789499163631 6.1622585505247107 4.5931575745344162 7.4580530673265448
leaf_count=29 25 37 35 30 42 117 29 25 35
internal_value=0.380772 0.339263 0.357845 0.402683 0.424599 0.344866 0.357008 0.44904 0.286085
internal_weight=0 62.1853 46.3335 10.0898 17.1058 36.2437 28.71 11.548 15.8518
internal_count=404 308 236 55 96 181 146 67 72
is_linear=0
shrinkage=1


Tree=1
num_leaves=15
num_cat=0
split_feature=4 6 7 2 1 1 6 2 2 3 1 1 6 2
split_gain=24.1711 11.4704 6.96663 5.31974 4.60241 7.58097 3.61768 2.80869 2.69801 2.58651 2.10756 2.71341 0.859673 0.205613
threshold=3.5000000000000004 111.50000000000001 1.0000000180025095e-35 20.250000000000004 62.197809720000002 57.462354550000008 96.500000000000014 19.845000000000002 21.790000000000003 1.0000000180025095e-35 52.836413415000003 60.097193705000002 113.50000000000001 23.775000000000002
decision_type=2 2 2 8 2 2 2 10 10 2 2 2 2 10
left_child=3 4 10 -1 5 6 -2 -4 -6 -9 -3 -12 -5 -14
right_child=1 2 7 12 8 -7 -8 9 -10 -11 11 -13 13 -15
leaf_value=-0.0034926722320516319 -0.099846036550324424 -0.063827475604233019 -0.013846527364710785 0.093731270014289284 -0.058155714744173033 0.018204779970175732 -0.028026580919011331 0.006086513378217074 -0.11493333409271204 0.080768975849081048 0.020461426066020031 -0.03923848153686111 0.026630492402187133 0.062652816384408089
leaf_weight=5.5616390258073833 6.1122438758611697 6.3725947439670589 3.9499510526657122 3.9176266640424711 8.0413613319396955 5.1924760639667502 5.8245560079813004 3.9428080022335052 7.8909950256347647 3.8786450326442719 3.8767204135656339 7.5162944048643112 3.5728934109210968 3.8975722938776016
leaf_count=29 27 30 20 24 38 28 29 21 34 23 21 37 20 23
internal_value=0 -0.0388085 -0.0108939 0.0416007 -0.0632028 -0.0396396 -0.0663097 0.0240056 -0.0874064 0.0454228 -0.0350312 -0.0173444 0.0652037 0.0478339
internal_weight=0 62.5986 29.537 16.9497 33.0616 17.1293 11.9368 11.7714 15.9324 7.82145 17.7656 11.393 11.3881 7.47047
internal_count=404 308 152 96 156 84 56 64 72 44 88 58 67 43
is_linear=0
shrinkage=0.06


Tree=2
num_leaves=15
num_cat=0
split_feature=8 11 5 12 1 1 5 1 1 1 1 1 1 1
split_gain=45.6133 14.6586 6.25218 3.20269 5.03882 2.62945 2.27157 2.10543 4.51046 1.41522 1.08609 2.29432 1.02663 0.723288
threshold=1.0000000180025095e-35 1.0000000180025095e-35 3.8195000000000006 2.5000000000000004 62.83641341500001 52.836413415000003 6.0105000000000013 53.239219715000011 62.197809720000002 69.955509925000015 63.667351130000007 52.836413415000003 63.667351130000007 56.636550305000007
decision_type=2 2 2 2 2 2 2 2 2 2 2 2 2 2
left_child=1 6 3 4 5 -2 7 -1 -9 -6 11 -4 13 -5
right_child=2 -3 10 12 9 -7 -8 8 -10 -11 -12 -13 -14 -15
leaf_value=-0.10232638499901599 0.011945518192308166 0.0070259125496757724 -0.031212572580767754 0.067034633098240634 -0.037241995373879698 0.082657564769027025 -0.11401065760817189 0 -0.077141578491858598 0.0096814566591957394 -0.03271990580803201 0.031530999419596847 0.096068436178944325 0.021282849145134425
leaf_weight=7.1349995136261049 4.2496045231819171 7.0050717592239371 3.8634285479783994 4.1052343845367449 4.2133242040872556 4.8118118345737457 9.9527169615030271 3.6063380241394034 9.443924739956854 4.2103965878486633 5.1059211939573279 4.5238796770572662 3.4735422581434241 4.0052950382232666
leaf_count=31 23 37 19 24 21 29 42 19 43 23 25 25 21 22
internal_value=0 -0.0688084 0.0219788 0.0377885 0.0200368 0.0514816 -0.087032 -0.072838 -0.0553364 -0.0116516 -0.0107469 0.000483457 0.0630292 0.04666
internal_weight=0 37.1431 42.5624 29.0692 17.4851 9.06142 30.138 20.1853 13.0503 8.42372 13.4932 8.38731 11.5841 8.11053
internal_count=404 172 232 163 96 52 135 93 62 44 69 44 67 46
is_linear=0
shrinkage=0.06


Tree=3
num_leaves=12
num_cat=0
split_feature=8 11 9 5 5 5 5 5 5 5 5
split_gain=40.1149 12.7986 8.69234 6.68653 2.28399 1.90969 0.570646 0.451054 0.430191 0.208963 0.0882709
threshold=1.0000000180025095e-35 1.0000000180025095e-35 1.0000000180025095e-35 3.8195000000000006 1.8910000000000002 6.0105000000000013 3.0925000000000007 4.1880000000000015 3.0925000000000007 1.5730000000000002 6.3165000000000004
decision_type=2 2 2 2 2 2 2 2 2 2 2
left_child=1 5 3 4 9 7 -4 -1 -6 -2 -5
right_child=2 -3 6 10 8 -7 -8 -9 -10 -11 -12
leaf_value=-0.076272381643970447 0.0087863311317535331 0.0066120400516866138 0.094150877979474037 -0.044064174632423729 0.02922493352385773 -0.10601578468508073 0.049205281064227113 -0.045523126564686704 0.06214569387370688 -0.0094236401165616497 -0.018685414177089174
leaf_weight=14.22590140998364 4.8960875719785708 6.9971834719181052 4.3971537351608259 5.56880074739456 10.656769827008246 10.057360142469404 4.7975151091814041 6.1331210881471625 3.6117083579301825 4.214734211564064 4.2088459730148315
leaf_count=64 27 37 27 27 60 42 27 29 21 22 21
internal_value=0 -0.0642071 0.0208546 0.00594649 0.0238329 -0.0810905 0.0726572 -0.0678933 0.0388195 0 -0.0349807
internal_weight=0 37.4136 42.3516 33.1569 23.3793 30.4164 9.19467 20.359 14.2685 9.11082 9.77765
internal_count=404 172 232 178 130 135 54 93 81 49 48
is_linear=0
shrinkage=0.06


Tree=4
num_leaves=11
num_cat=0
split_feature=8 2 6 6 2 6 2 0 2 2
split_gain=35.3598 14.6699 6.42526 3.23596 2.54889 1.59126 1.6987 0.982965 0.664762 0.662424
threshold=1.0000000180025095e-35 19.330000000000002 120.40000000000002 105.50000000000001 25.600000000000005 124.50000000000001 21.940000000000001 1.0000000180025095e-35 23.475000000000005 20.845000000000002
decision_type=2 8 2 2 8 2 10 2 8 10
left_child=2 3 7 -2 5 6 -3 -1 -4 -9
right_child=1 4 8 -5 -6 -7 -8 9 -10 -11
leaf_value=-0.054210848284220695 -0.066770041362574847 0.043194105087845505 -0.041560357247640768 -0.0026066985412010043 0.090648046071169955 0.060923725608603499 0.0043914717050095023 -0.11589049333445024 -0.0075937460054215887 -0.075584842967365395
leaf_weight=8.5088711529970187 5.8253500759601575 8.9117764234542935 4.2334576547145817 6.7151371240615845 3.9902400970458975 7.0820006430149069 9.6129685044288617 4.6440540701150921 7.570388302206994 12.61906813085079
leaf_count=39 27 51 20 35 25 42 52 19 38 56
internal_value=0 0.0197415 -0.0601109 -0.0338474 0.0430558 0.0349366 0.0240301 -0.0771879 -0.0213008 -0.0874704
internal_weight=0 42.1375 37.5758 12.5405 29.597 25.6067 18.5247 25.772 11.8038 17.2631
internal_count=404 232 172 62 170 145 103 114 58 75
is_linear=0
shrinkage=0.06


Tree=5
num_leaves=15
num_cat=0
split_feature=8 9 5 5 12 5 1 1 0 5 1 12 5 1
split_gain=31.2944 7.81615 5.69006 3.90024 2.88804 1.98146 1.95432 3.58997 0.987711 1.30051 0.751785 0.598804 0.504846 0.446923
threshold=1.0000000180025095e-35 1.0000000180025095e-35 3.8195000000000006 3.4200000000000004 1.0000000180025095e-35 1.8910000000000002 66.181382615000004 54.192334020000011 1.0000000180025095e-35 6.0105000000000013 60.990075290000007 1.0000000180025095e-35 3.0925000000000007 56.636550305000007
decision_type=2 2 2 2 2 2 2 2 2 2 2 2 2 2
left_child=3 2 5 6 -4 11 7 -1 -5 10 -10 -2 -3 -7
right_child=1 12 4 8 -6 13 -8 -9 9 -11 -12 -13 -14 -15
leaf_value=-0.045164479278627774 -0.014050836422528246 0.089414003390019647 0 -0.044190449532919229 -0.066545925000320277 0.054247514589777168 -0.06154138491836432 0.028925205380207417 -0.034144031326356662 -0.10163556931925533 -0.079872216068988935 0.017043190007310416 0.045859966603048828 0.02400881442456302
leaf_weight=5.1746292114257795 5.1302938461303729 4.2502261400222761 5.0481167435646039 6.2691442817449596 4.7593844532966614 4.7107896208763114 4.671870529651641 4.0711715370416641 4.4218585342168826 8.2392626553773862 4.8373190015554428 3.9344558417797089 4.7299175560474396 9.3244926184415799
leaf_count=24 27 27 26 29 22 28 21 22 21 34 21 22 27 53
internal_value=0 0.0187096 0.00458125 -0.0564478 -0.0329984 0.0213155 -0.0289893 -0.010594 -0.0717694 -0.0806214 -0.0599781 0 0.0684781 0.0354406
internal_weight=0 41.8877 32.9075 37.6853 9.8075 23.1 13.9177 9.2458 23.7676 17.4984 9.25918 9.06475 8.98014 14.0353
internal_count=404 232 178 172 48 130 67 46 105 76 42 49 54 81
is_linear=0
shrinkage=0.06


Tree=6
num_leaves=14
num_cat=0
split_feature=5 6 11 11 12 12 2 5 2 6 5 6 5
split_gain=14.2866 7.23583 6.35561 5.84913 5.43083 4.58958 3.22293 2.92022 4.5411 2.18016 2.35524 2.02069 0.674767
threshold=3.6445000000000003 120.40000000000002 1.0000000180025095e-35 1.0000000180025095e-35 1.0000000180025095e-35 2.5000000000000004 20.250000000000004 6.0105000000000013 24.685000000000006 133.50000000000003 2.4345000000000003 99.500000000000014 1.7180000000000002
decision_type=2 2 2 2 2 2 8 2 8 2 2 2 2
left_child=1 3 4 5 -2 6 -1 8 -6 10 12 -4 -3
right_child=2 9 11 -5 7 -7 -8 -9 -10 -11 -12 -13 -14
leaf_value=-0.039891606615653323 -0.0036425304174535649 0.042191813266407571 -0.023182653278572416 0.03409207217054485 -0.071428423567874266 -0.066430731230058271 0.026641444313662676 -0.092811064937512275 0.0031611136855576776 0.0048961298176694494 0.0067679282918387974 0.036290570215847098 0.093295161166985205
leaf_weight=4.8863548785448119 6.4206736236810711 3.4549562036991137 4.327613413333891 6.8139090985059729 8.0352616161108017 7.5065940022468558 5.5136667788028726 11.190013498067854 3.9309256523847589 5.7157683968543997 3.4290065765380859 3.7923553735017776 4.3166486024856567
leaf_count=24 33 20 21 39 36 34 32 47 20 31 19 21 27
internal_value=0 0.00814866 -0.0425543 -0.0119901 -0.0554982 -0.0305307 -0.00288773 -0.0690993 -0.0454213 0.0386422 0.054256 0.002377 0.0728927
internal_weight=0 41.6369 37.6968 24.7205 29.5769 17.9066 10.4 23.1562 11.9662 16.9164 11.2006 8.11997 7.7716
internal_count=404 226 178 129 136 90 56 103 56 97 66 42 47
is_linear=0
shrinkage=0.06


Tree=7
num_leaves=10
num_cat=0
split_feature=9 6 13 5 13 11 13 6 5
split_gain=14.8566 13.7853 10.2213 6.09126 3.07706 2.65711 2.05574 1.47535 0.697805
threshold=1.0000000180025095e-35 120.40000000000002 2.5000000000000004 4.1880000000000015 1.5000000000000002 1.0000000180025095e-35 12.500000000000002 129.50000000000003 3.0925000000000007
decision_type=2 2 10 2 8 2 8 2 2
left_child=1 2 4 6 -1 -6 -3 -8 -2
right_child=8 3 -4 -5 5 -7 7 -9 -10
leaf_value=-0.0070288716663910256 0.074696084656818457 0.073211239335873771 0.035813663812069456 -0.037108999206489454 -0.069476349299476811 -0.026869981881969249 0.037811014777180844 0 0.032301659066030428
leaf_weight=5.3143862038850784 4.512760788202284 3.7050654590129852 4.9257922768592826 6.152942866086959 27.598687350749969 8.4249400496482831 6.9755014181137138 6.1235501617193222 5.3644721806049347
leaf_count=28 29 23 28 29 123 42 40 32 30
internal_value=0 -0.0247722 -0.0437227 0.0126334 -0.0536356 -0.0600116 0.0319181 0.0188642 0.0534934
internal_weight=0 69.2209 46.2638 22.9571 41.338 36.0236 16.8041 13.0991 9.87723
internal_count=404 345 221 124 193 165 95 72 59
is_linear=0
shrinkage=0.06


Tree=8
num_leaves=12
num_cat=0
split_feature=8 2 11 2 1 2 2 1 2 2 12
split_gain=24.0939 12.1055 9.34192 3.16636 2.79246 2.18927 1.74114 1.6193 5.02948 2.80351 1.18755
threshold=1.0000000180025095e-35 19.330000000000002 1.0000000180025095e-35 20.845000000000002 45.667351130000007 25.600000000000005 28.060000000000002 61.181724845000012 21.631650000000004 21.375000000000004 2.5000000000000004
decision_type=2 8 2 10 2 8 8 2 8 10 2
left_child=2 10 3 -1 -5 7 -6 9 -9 -3 -2
right_child=1 5 -4 4 6 -7 -8 8 -10 -11 -12
leaf_value=-0.099007833932969705 -0.04480424824492641 0 0.011265785804489111 -0.097998146785739315 -0.023105388375347369 0.084699209184011123 -0.065891446693550182 0.063871625099905377 -0.016490970510141659 0.062845656025471958 -0.0014280523705295541
leaf_weight=7.770175606012347 8.1545031964778882 3.6619749963283601 7.0359789282083502 4.1365922689437893 12.147889584302904 3.7647244930267325 6.3664535582065573 4.4221007078886005 7.1228802204132089 9.832787483930586 4.3880468457937232
leaf_count=32 39 20 37 17 58 25 28 27 38 60 23
internal_value=0 0.0173417 -0.0488985 -0.0634054 -0.0503977 0.0390443 -0.0387903 0.0314612 0.0127314 0.046151 -0.0310641
internal_weight=0 41.347 37.4571 30.4211 22.6509 28.8045 18.5143 25.0397 11.545 13.4948 12.5426
internal_count=404 232 172 135 103 170 86 145 65 80 62
is_linear=0
shrinkage=0.06


Tree=9
num_leaves=11
num_cat=0
split_feature=8 2 11 2 5 1 9 5 2 5
split_gain=21.4407 10.8529 8.36624 2.83123 2.74854 2.49224 1.95746 1.87432 1.67843 0.790349
threshold=1.0000000180025095e-35 19.330000000000002 1.0000000180025095e-35 20.845000000000002 5.6750000000000007 45.667351130000007 1.0000000180025095e-35 6.0105000000000013 20.415000000000003 3.8195000000000006
decision_type=2 8 2 10 2 2 2 2 10 2
left_child=2 9 3 -1 6 -5 8 -7 -3 -2
right_child=1 4 -4 5 -6 7 -8 -9 -10 -11
leaf_value=-0.094017729133007599 -0.013506876006028633 0 0.010605280277916249 -0.093010521533334348 0 -0.021272760306190654 0.083692521374017906 -0.065972323626858273 0.044389623953571045 -0.049339711727419772
leaf_weight=7.6938516348600414 7.5808518379926664 3.6458506286144354 7.0260480940341941 4.0980279892683056 5.1159444898366919 12.542679429054262 4.6834880709648123 5.9329781085252753 15.021135643124579 5.003577709197998
leaf_count=32 39 20 37 17 27 60 32 26 91 23
internal_value=0 0.0164196 -0.0462341 -0.060023 0.0372125 -0.0476391 0.0459556 -0.0366011 0.0355232 -0.0291844
internal_weight=0 41.0508 37.2936 30.2675 28.4664 22.5737 23.3505 18.4757 18.667 12.5844
internal_count=404 232 172 135 170 103 143 86 111 62
is_linear=0
shrinkage=0.06


Tree=10
num_leaves=11
num_cat=0
split_feature=8 2 7 2 9 13 12 2 2 1
split_gain=19.1001 9.72472 3.1749 2.05613 1.86087 2.4976 1.03323 0.70531 0.988226 0.728505
threshold=1.0000000180025095e-35 19.330000000000002 1.0000000180025095e-35 25.600000000000005 1.0000000180025095e-35 12.500000000000002 2.5000000000000004 20.250000000000004 23.895000000000003 62.197809720000002
decision_type=2 8 2 8 2 8 2 10 10 2
left_child=2 6 7 4 5 -3 -2 -1 -9 -10
right_child=1 3 -4 -5 -6 -7 -8 8 9 -11
leaf_value=-0.075189701008990292 -0.040141394505486809 0.047140158132001661 -0.00026814634599380682 0.080782560013364493 0.062188550285597784 0.00079766408782596548 0 -0.022465106490391525 -0.038886593686593036 -0.071325323660693371
leaf_weight=5.9957058429718044 8.2097257524728757 6.9987963736057281 5.8952880054712287 3.576954372227191 5.0422351956367484 12.499283269047746 4.4012274742126456 7.5323385745286968 10.102860033512117 7.5291321128606787
leaf_count=26 39 43 30 25 33 69 23 36 47 33
internal_value=0 0.0155207 -0.0438127 0.035438 0.0280952 0.0183554 -0.0274595 -0.0514734 -0.0451074 -0.0537593
internal_weight=0 40.7282 37.0553 28.1173 24.5403 19.4981 12.611 31.16 25.1643 17.632
internal_count=404 232 172 170 145 112 62 142 116 80
is_linear=0
shrinkage=0.06


Tree=11
num_leaves=13
num_cat=0
split_feature=8 2 6 13 6 3 6 1 13 1 2 2
split_gain=17.0654 8.76554 4.21854 2.83325 2.37004 2.31116 1.58146 1.27991 1.11031 0.959224 0.538009 1.74474
threshold=1.0000000180025095e-35 19.660000000000004 120.40000000000002 2.5000000000000004 120.40000000000002 1.5000000000000002 105.50000000000001 59.015400410000005 35.000000000000007 61.181724845000012 20.250000000000004 23.895000000000003
decision_type=2 8 2 10 2 2 2 2 8 2 10 10
left_child=2 6 10 4 5 -3 -2 -4 -8 -6 -1 -12
right_child=1 3 7 -5 9 -7 8 -9 -10 -11 11 -13
leaf_value=-0.076080511342790882 -0.045641707433934142 0.038092394488846971 -0.026069410772814102 0.084887906451396072 0.071186925194468759 -0.01172089991427953 -0.026353333791491702 0.01316411873480443 0.018260116024419317 0.023917383491066306 -0.019277733001978516 -0.062150547812225392
leaf_weight=6.4444072693586376 6.2221757024526578 5.6017076969146782 7.338809520006178 3.8794391006231299 4.6891810521483404 7.6097895056009293 3.9948194026947021 4.3849281966686249 3.7923153787851334 4.6296173930168152 6.8276772648096111 11.893763631582258
leaf_count=28 29 34 35 26 32 42 20 23 21 28 33 53
internal_value=0 0.0147461 -0.0414945 0.0353674 0.0260416 0.00803761 -0.0228433 -0.00985989 -0.00231519 0.0496348 -0.0555165 -0.0474764
internal_weight=0 40.419 36.8896 26.4097 22.5303 13.2115 14.0093 11.7237 7.78713 9.3188 25.1658 18.7214
internal_count=404 232 172 162 136 76 70 58 41 60 114 86
is_linear=0
shrinkage=0.06


Tree=12
num_leaves=13
num_cat=0
split_feature=8 11 6 4 6 6 6 3 6 6 3 6
split_gain=15.2447 7.28733 4.43273 1.34133 2.02493 1.51031 1.21178 1.04639 0.546651 0.493606 0.438626 0.0587176
threshold=1.0000000180025095e-35 1.0000000180025095e-35 122.50000000000001 3.5000000000000004 105.50000000000001 111.50000000000001 128.50000000000003 1.5000000000000002 129.50000000000003 90.500000000000014 1.5000000000000002 100.50000000000001
decision_type=2 2 2 2 2 2 2 2 2 2 2 2
left_child=1 6 3 5 7 -2 9 -5 -4 -1 -6 -11
right_child=2 -3 8 4 10 -7 -8 -9 -10 11 -12 -13
leaf_value=-0.085532514181193078 0.043010386681291306 0.013543809309274464 0.059819194804013757 0 0.026522614127541908 -0.0046553387608750801 -0.020561399591130996 -0.042249031661719234 0.025112692967714682 -0.035632279385249807 0 -0.057812390929553974
leaf_weight=4.1921278238296571 4.9262107908725756 7.0426372289657584 6.2182400375604612 3.8497464805841464 3.836163178086279 3.4863333255052567 5.2372313290834418 6.1740658283233643 5.6196139752864838 5.9864570200443294 6.0033219158649445 14.20585162937641
leaf_count=18 30 37 40 21 23 20 25 30 35 28 33 64
internal_value=0 -0.0393148 0.0140114 0.000458209 -0.00738507 0.0211171 -0.0524897 -0.0269005 0.044864 -0.058609 0.0106666 -0.052128
internal_weight=0 36.6643 40.1137 28.2758 19.8633 8.41254 29.6217 10.0238 11.8379 24.3844 9.83949 20.1923
internal_count=404 172 232 157 107 50 135 51 75 110 56 92
is_linear=0
shrinkage=0.06


Tree=13
num_leaves=14
num_cat=0
split_feature=8 9 6 6 13 4 5 5 0 6 5 5 5
split_gain=13.6307 5.62993 4.35886 3.70609 2.99908 3.10644 1.64051 1.32453 0.895314 0.724373 0.566158 0.591097 0.40071
threshold=1.0000000180025095e-35 1.0000000180025095e-35 121.40000000000002 120.40000000000002 2.5000000000000004 3.5000000000000004 3.4800000000000009 2.7435000000000005 1.0000000180025095e-35 129.50000000000003 6.0105000000000013 4.1880000000000015 4.6540000000000008
decision_type=2 2 2 2 10 2 2 2 2 2 2 2 2
left_child=3 2 4 8 5 -2 9 -5 -1 -4 11 -10 -3
right_child=1 12 6 7 -6 -7 -8 -9 10 -11 -12 -13 -14
leaf_value=-0.029720414970179996 0.0098991848426918886 0.071240868030304536 0.069162782227709538 0.015367674784950989 0.03216787485823578 -0.04137131275725639 0 -0.024743479545029968 -0.060760896507221537 0.017415804988697756 -0.082428291628446407 -0.022694975029281285 0.027851237675165251
leaf_weight=8.242135092616083 5.768427893519406 5.2115026116371137 4.1326641961932165 4.5425156354904157 4.0072217881679526 12.229573458433155 2.9262485951185226 7.1401307731866837 7.0672328919172305 2.7313556671142578 5.1739933937788001 4.2246977537870407 2.879020020365715
leaf_count=39 33 37 28 24 24 60 16 34 32 17 23 20 17
internal_value=0 0.0132743 0.00132097 -0.0373062 -0.0129036 -0.0239388 0.0351316 -0.00760648 -0.0506205 0.0511938 -0.059989 -0.0481132 0.0580255
internal_weight=0 39.886 31.7955 36.3907 22.0052 17.998 9.79027 11.6826 24.7081 6.86402 16.4659 11.2919 8.09052
internal_count=404 232 178 172 117 93 61 58 114 45 75 52 54
is_linear=0
shrinkage=0.06


Tree=14
num_leaves=12
num_cat=0
split_feature=8 2 11 2 1 2 2 2 1 1 12
split_gain=12.245 7.78594 6.54251 2.609 2.49691 1.68611 1.66236 1.62735 3.18855 1.70208 1.40514
threshold=1.0000000180025095e-35 19.660000000000004 1.0000000180025095e-35 20.845000000000002 45.667351130000007 24.685000000000006 27.630000000000006 21.940000000000001 61.181724845000012 66.181382615000004 2.5000000000000004
decision_type=2 8 2 10 2 8 8 10 2 2 2
left_child=2 10 3 -1 -5 7 -6 9 -9 -3 -2
right_child=1 5 -4 4 6 -7 -8 8 -10 -11 -12
leaf_value=-0.081457803050980979 -0.036681193789942418 0.019321859419613622 0.014544051871314675 -0.081931745729594524 -0.0095551128820205531 0.062542569495652664 -0.05028303207278885 0.036750334551416422 -0.027019298056899971 0.082058061908358307 0
leaf_weight=7.2431991696357754 9.100115701556204 5.7431200593709999 7.0414294600486746 3.9047996103763607 11.442627608776094 5.9071099311113349 6.502676233649253 5.9691024124622327 5.1550831347703934 2.9218045473098755 4.7966459840536109
leaf_count=32 44 34 37 17 56 42 30 38 28 20 26
internal_value=0 0.0126852 -0.0354186 -0.0481297 -0.0362578 0.0325437 -0.0253164 0.0226794 0.00558061 0.0425538 -0.0227395
internal_weight=0 39.593 36.1347 29.0933 21.8501 25.6962 17.9453 19.7891 11.1242 8.66492 13.8968
internal_count=404 232 172 135 103 162 86 120 66 54 70
is_linear=0
shrinkage=0.06


Tree=15
num_leaves=11
num_cat=0
split_feature=8 2 11 2 2 2 14 2 0 2
split_gain=10.9963 6.9794 5.9101 2.40967 1.74794 1.50719 0.842422 1.38005 0.780415 0.153778
threshold=1.0000000180025095e-35 19.330000000000002 1.0000000180025095e-35 20.845000000000002 25.600000000000005 30.150000000000002 27.500000000000004 21.940000000000001 1.0000000180025095e-35 24.23
decision_type=2 8 2 10 8 10 10 10 2 10
left_child=2 8 3 -1 6 9 7 -3 -2 -5
right_child=1 4 -4 5 -6 -7 -8 -9 -10 -11
leaf_value=-0.078404987543829671 0 0.036476656498659041 0.013691710151648967 -0.034015514695830876 0.074315696131324702 -0.067126563551887591 0.05232965496149046 0.0023872065768406089 -0.035455166385722263 -0.015578631758481936
leaf_weight=7.0787443518638637 4.5527451336383793 7.9187859445810416 7.0313080400228491 7.2368353456258836 3.1620287150144568 4.6515990644693366 3.5929746627807608 12.068905383348463 8.0034453421831131 9.8046970367431623
leaf_count=32 23 50 37 34 25 21 23 72 39 48
internal_value=0 0.0120849 -0.0336812 -0.0458838 0.0297154 -0.034442 0.0229714 0.0167934 -0.0240315 -0.0244643
internal_weight=0 39.2989 35.8032 28.7719 26.7427 21.6931 23.5807 19.9877 12.5562 17.0415
internal_count=404 232 172 135 170 103 145 122 62 82
is_linear=0
shrinkage=0.06


Tree=16
num_leaves=12
num_cat=0
split_feature=6 13 11 6 6 7 6 1 3 1 3
split_gain=7.11649 5.26865 2.96484 2.5283 3.0525 2.29609 1.91003 1.14062 0.72959 0.781061 0.349028
threshold=120.40000000000002 2.5000000000000004 1.0000000180025095e-35 113.50000000000001 103.50000000000001 1.0000000180025095e-35 98.500000000000014 52.836413415000003 1.0000000180025095e-35 61.181724845000012 1.0000000180025095e-35
decision_type=2 10 2 2 2 2 2 2 2 2 2
left_child=1 2 3 4 -1 8 -4 -7 -2 -10 -9
right_child=5 -3 6 -5 -6 7 -8 10 9 -11 -12
leaf_value=-0.044200922581816432 -0.019306296682368093 0.031657199088583589 -0.033664403006776679 -0.076865171861000836 0 0.0026867853027914747 0.017232144008606218 0.023135605191761374 0.028639405195815149 -0.0055899037535447043 0.061872761111290656
leaf_weight=17.999781668186191 4.7860898599028596 5.471884496510028 4.2960696369409543 5.7108779549598685 9.2898604795336706 3.7116529121994981 6.7883969321846962 3.3007330819964391 4.3055695444345456 3.933633416891098 4.915061891078949
leaf_count=88 26 33 21 27 50 22 39 20 24 21 33
internal_value=0 -0.0223111 -0.029418 -0.0384614 -0.0297651 0.0167262 -0.000870226 0.0357533 0 0.0101127 0.0485008
internal_weight=0 49.5569 44.085 33.0005 27.2896 24.9527 11.0845 11.9274 13.0253 8.2392 8.21579
internal_count=404 258 225 165 138 146 60 75 71 45 53
is_linear=0
shrinkage=0.06


Tree=17
num_leaves=14
num_cat=0
split_feature=8 11 9 6 4 6 5 5 6 5 6 11 5
split_gain=9.39153 5.1555 4.99891 3.48852 1.80971 2.5774 1.49309 1.26676 1.35738 1.80239 0.722817 0.531894 0.0669139
threshold=1.0000000180025095e-35 1.0000000180025095e-35 1.0000000180025095e-35 121.40000000000002 3.5000000000000004 112.50000000000001 3.4800000000000009 6.0105000000000013 120.40000000000002 4.1880000000000015 129.50000000000003 1.0000000180025095e-35 8.2510000000000012
decision_type=2 2 2 2 2 2 2 2 2 2 2 2 2
left_child=1 7 3 4 -2 -6 10 8 9 -1 -5 -4 -9
right_child=2 -3 11 6 5 -7 -8 12 -10 -11 -12 -13 -14
leaf_value=-0.061828688024580004 0.011887033818206416 0.013074198377963631 0.034918639576178009 0.065420502884645168 -0.04039449502341308 0.011726547288960117 0 -0.077366740735110212 -0.0076933327141231484 -0.0086865215356412163 0.013491758624425029 0.080832566387020424 -0.043496525983005865
leaf_weight=8.0365469157695824 6.6573441624641445 7.0058617889881125 4.795842044055461 3.9025931209325773 10.793589547276499 4.3207527920603743 2.8850584477186203 4.7501441985368711 6.9787882268428794 4.4265208989381781 2.6453196927905083 2.9394678920507431 4.0351773947477341
leaf_count=37 39 37 33 28 53 25 16 22 34 22 17 21 20
internal_value=0 -0.0310633 0.0114938 0.000208295 -0.0124105 -0.0243037 0.0312412 -0.0426557 -0.0321487 -0.0443984 0.0471906 0.0546932 -0.0638587
internal_weight=0 35.233 38.94 31.2047 21.7717 15.1143 9.43297 28.2272 19.4419 12.4631 6.54791 7.73531 8.78532
internal_count=404 172 232 178 117 78 61 135 93 59 45 54 42
is_linear=0
shrinkage=0.06


Tree=18
num_leaves=13
num_cat=0
split_feature=4 8 1 1 1 12 5 7 5 5 5 5
split_gain=8.9054 6.47794 3.03172 3.24575 3.21481 2.66407 2.37848 1.92161 0.972535 0.573258 1.99903 1.0762
threshold=2.5000000000000004 1.0000000180025095e-35 62.83641341500001 66.181382615000004 52.836413415000003 1.0000000180025095e-35 3.7120000000000002 1.0000000180025095e-35 3.7590000000000003 6.0105000000000013 2.8745000000000003 8.0555000000000021
decision_type=2 2 2 2 2 2 2 2 2 2 2 2
left_child=-1 7 4 -4 8 -6 -5 9 -3 10 -2 -11
right_child=1 2 3 6 5 -7 -8 -9 -10 11 -12 -13
leaf_value=0.062561473265149256 -0.05793453486456529 0.0091595510238983314 -0.058186719565197449 0.027588188394699537 0.076658936073685888 0.012083314965793304 -0.032782219017795447 0 -0.029427150048371865 -0.079392568634365127 -0.014337786957067659 -0.030056282456527889
leaf_weight=5.8300927728414527 6.7240551263094011 5.0274222269654292 4.6310151591897002 5.7427933737635595 4.6512960791587812 6.1651298925280571 3.9145008325576782 4.970202460885047 3.882708303630352 4.2774739563465101 12.380240723490713 5.3382716178894043
leaf_count=38 31 31 23 37 31 39 20 26 20 20 61 27
internal_value=0 -0.0143661 0.00363059 -0.0167519 0.0193065 0.0415164 0.00125369 -0.0330705 -0.00563495 -0.0390358 -0.0306245 -0.053875
internal_weight=0 67.7051 34.0149 14.2883 19.7266 10.8164 9.65729 33.6902 8.91013 28.72 19.1043 9.61575
internal_count=404 366 201 80 121 70 57 165 51 139 92 47
is_linear=0
shrinkage=0.06


Tree=19
num_leaves=12
num_cat=0
split_feature=4 8 11 1 1 1 1 1 7 3 1
split_gain=8.00479 5.81988 3.93352 2.70283 2.90022 2.84754 0.915636 0.358834 0.325275 0.218515 0.0947388
threshold=2.5000000000000004 1.0000000180025095e-35 1.0000000180025095e-35 62.83641341500001 52.836413415000003 69.955509925000015 45.667351130000007 62.197809720000002 1.0000000180025095e-35 1.5000000000000002 46.931895960000006
decision_type=2 2 2 2 2 2 2 2 2 2 2
left_child=-1 2 6 4 10 -5 -2 -8 -6 -7 -3
right_child=1 3 -4 5 8 9 7 -9 -10 -11 -12
leaf_value=0.059952780514437795 -0.068843287491150956 0 0.0080576240180004911 -0.043946770426236757 0.056770485384032031 0.018280455737060473 -0.022919305424139953 -0.044410848418369377 0.025176933344912104 0 -0.011137089120717722
leaf_weight=5.722093090415 5.0291332751512554 4.2439297661185282 6.5372788757085791 6.8893588781356794 4.3246104344725591 3.8051083460450172 10.784500047564508 11.075017526745794 6.3531834632158279 3.5926486477255821 4.6712436676025391
leaf_count=38 24 25 34 35 30 24 53 54 40 21 26
internal_value=0 -0.0136106 -0.0314298 0.00343852 0.0183417 -0.0157394 -0.0416996 -0.0346313 0.0396584 0.00809627 -0.00517048
internal_weight=0 67.306 33.4259 33.8801 19.593 14.2871 26.8887 21.8595 10.6778 7.39776 8.91517
internal_count=404 366 165 201 121 80 131 107 70 45 51
is_linear=0
shrinkage=0.06


Tree=20
num_leaves=12
num_cat=0
split_feature=8 11 6 6 1 12 1 6 1 6 6
split_gain=6.80166 4.18593 3.39679 1.52264 1.47788 1.96013 1.73369 1.09549 1.08006 1.07703 0.325472
threshold=1.0000000180025095e-35 1.0000000180025095e-35 124.50000000000001 129.50000000000003 62.83641341500001 2.5000000000000004 58.948323065000004 116.50000000000001 45.667351130000007 120.40000000000002 93.350000000000009
decision_type=2 2 2 2 2 2 2 2 2 2 2
left_child=1 8 4 -4 6 -6 7 -2 -1 10 -10
right_child=2 -3 3 -5 5 -7 -8 -9 9 -11 -12
leaf_value=-0.066441830541843147 -0.010988011744503468 0.012834374624974018 0.077582225280462269 0.018624942122531025 -0.034776542923097044 0.013966577731872022 0.040898427642182052 0.02925278983688696 -0.058216488488473744 -0.0082594665505128541 -0.02992677364957529
leaf_weight=4.9021630436182049 9.4306603968143516 6.9807103276252738 3.2576204463839513 5.2750113159418106 7.7026073709130269 4.1926057115197182 5.0725211054086676 3.2780805900692931 4.7070197016000774 7.3304207921028128 10.345287486910818
leaf_count=24 52 37 25 35 40 25 33 22 23 36 52
internal_value=0 -0.0267408 0.00987706 0.0432434 0 -0.0160833 0.0112324 0 -0.0375256 -0.0303883 -0.0399691
internal_weight=0 34.2656 38.2091 8.53263 29.6765 11.8952 17.7813 12.7087 27.2849 22.3827 15.0523
internal_count=404 172 232 60 172 65 107 74 135 111 75
is_linear=0
shrinkage=0.06


Tree=21
num_leaves=12
num_cat=0
split_feature=4 8 11 1 13 11 1 12 1 13 1
split_gain=6.9198 4.69144 3.22048 2.24992 3.01099 3.87813 2.5324 2.5522 0.782214 0.735359 0.323877
threshold=2.5000000000000004 1.0000000180025095e-35 1.0000000180025095e-35 62.83641341500001 17.500000000000004 1.5000000000000002 52.836413415000003 1.0000000180025095e-35 45.667351130000007 17.500000000000004 62.197809720000002
decision_type=2 2 2 2 8 2 2 2 2 8 2
left_child=-1 2 8 6 -5 -6 9 -8 -2 -3 -10
right_child=1 3 -4 4 5 -7 7 -9 10 -11 -12
leaf_value=0.056913819671945344 -0.064188554442867987 -0.02480003275098697 0.0068185060199460745 0.028173079406384249 -0.060030671090575083 0.013178928232486498 0.072048369553324748 0.0079263672373594222 -0.020252658986041658 0.0082922047566774751 -0.040891929606381862
leaf_weight=5.5624278932809821 4.7737535983324078 4.1543640419840813 6.5246147960424414 3.8744963407516479 6.6887209415435773 3.7010403722524643 4.4398778676986677 5.9933803677558899 10.648567751049997 4.747271731495859 10.802731126546858
leaf_count=38 24 23 34 24 33 23 31 39 53 28 54
internal_value=0 -0.0124072 -0.0286213 0.00286116 -0.0145536 -0.0322195 0.0166398 0.0369388 -0.0381249 -0.00512973 -0.0314856
internal_weight=0 66.3488 32.7497 33.5992 14.2643 10.3898 19.3349 10.4333 26.2251 8.90164 21.4513
internal_count=404 366 165 201 80 56 121 70 131 51 107
is_linear=0
shrinkage=0.06


Tree=22
num_leaves=14
num_cat=0
split_feature=6 12 11 0 11 12 6 6 7 6 6 6 6
split_gain=5.31312 2.66648 2.87548 1.64104 1.61471 1.28035 0.973729 0.729999 0.597982 0.57608 1.3579 0.0925505 0.0676979
threshold=120.40000000000002 1.0000000180025095e-35 1.0000000180025095e-35 1.0000000180025095e-35 1.0000000180025095e-35 1.0000000180025095e-35 99.500000000000014 110.50000000000001 1.0000000180025095e-35 114.50000000000001 105.50000000000001 128.50000000000003 98.500000000000014
decision_type=2 2 2 2 2 2 2 2 2 2 2 2 2
left_child=1 9 3 -3 5 -2 -4 -5 11 10 12 -7 -1
right_child=4 2 6 7 -6 8 -8 -9 -10 -11 -12 -13 -14
leaf_value=0 0.034030842634855264 -0.011283707358124289 -0.02270739391992976 -0.038735882399270526 0.045543146238093829 -0.019953867213443083 0.013399526223900567 -0.075406558288766676 0.014211903495749072 -0.017958310474609839 0.040672562371903878 -0.0019386338079854734 -0.008988992772293267
leaf_weight=4.2458284199237806 4.6588974297046706 6.457332819700242 4.7029089927673322 10.503006152808664 5.4632634893059722 3.8240187764167768 6.0488556623458862 4.8481290340423593 4.7925446331501016 3.4806899577379218 3.5293978601694107 5.184341698884964 3.592628538608551
leaf_count=23 33 35 24 55 35 20 37 24 30 19 22 28 19
internal_value=0 -0.0182053 -0.0278569 -0.0404103 0.0162654 0.00662536 -0.000719789 -0.0514896 -0.00132189 0.0017466 0.00936341 -0.0115842 -0.0024377
internal_weight=0 47.4088 32.5602 21.8085 23.9231 18.4598 10.7518 15.3511 13.8009 14.8485 11.3679 9.00836 7.83846
internal_count=404 258 175 114 146 111 61 79 78 83 64 48 42
is_linear=0
shrinkage=0.06


Tree=23
num_leaves=8
num_cat=0
split_feature=8 11 3 12 12 14 13
split_gain=5.13497 3.20034 2.45226 0.9816 1.17447 0.863219 0.138025
threshold=1.0000000180025095e-35 1.0000000180025095e-35 1.0000000180025095e-35 2.5000000000000004 1.0000000180025095e-35 75.000000000000014 2.5000000000000004
decision_type=2 2 2 2 2 8 8
left_child=1 2 -1 4 5 -2 -7
right_child=3 -3 -4 -5 -6 6 -8
leaf_value=-0.058144263895946034 0.035117714915658987 0.010996841410819485 -0.017659621673548887 0.020584565136317519 -0.025224970282143922 -0.0069459693116166333 0.0053813395013107114
leaf_weight=9.6084416359663027 3.4330963864922523 6.9294127970933905 16.749548330903053 15.178279206156729 4.8742083236575118 4.53931974619627 9.6073543652892166
leaf_count=47 22 37 88 99 27 28 56
internal_value=0 -0.0233802 -0.0331006 0.0087749 0 0.00800539 0.000153425
internal_weight=0 33.2874 26.358 37.6323 22.454 17.5798 14.1467
internal_count=404 172 135 232 133 106 84
is_linear=0
shrinkage=0.06


Tree=24
num_leaves=14
num_cat=0
split_feature=6 8 11 8 0 6 6 11 0 6 6 6 6
split_gain=4.79878 3.33414 1.32653 2.42812 0.951472 1.88344 1.43682 0.862155 2.12103 0.817185 0.697312 0.630663 0.243019
threshold=120.40000000000002 1.0000000180025095e-35 1.0000000180025095e-35 1.0000000180025095e-35 1.0000000180025095e-35 95.500000000000014 104.25000000000001 1.0000000180025095e-35 1.0000000180025095e-35 112.50000000000001 124.50000000000001 105.50000000000001 103.50000000000001
decision_type=2 2 2 2 2 2 2 2 2 2 2 2 2
left_child=1 4 3 -2 -1 -6 -7 8 12 -10 -5 -9 -3
right_child=2 7 -4 10 5 6 -8 11 9 -11 -12 -13 -14
leaf_value=-0.01313734187290787 -0.014211675954117041 0 0.042919037107442028 0.0019460594909741038 -0.07518438319100057 0 -0.046753279554972493 0 -0.01042990609950494 -0.051067060244382553 0.041823839217716936 0.033155325544541904 0.024584707525208634
leaf_weight=7.4757394492626199 8.8495186716318166 3.8165329992771193 5.3560111522674552 3.5262535884976387 5.080369397997857 4.3238840997219068 4.9949302226305008 3.9664042666554442 6.1325365900993347 3.8653993457555771 5.9205174371600151 3.5635939463973045 3.646161861717701
leaf_count=39 44 21 35 23 25 24 26 23 34 20 44 24 22
internal_value=0 -0.017027 0.0159219 0.00703501 -0.0341748 -0.0438468 -0.0248309 -0.0012968 -0.00926492 -0.0279414 0.0288438 0.0147893 0.0133444
internal_weight=0 46.8656 23.6523 18.2963 21.8749 14.3992 9.31881 24.9906 17.4606 9.99794 9.44677 7.53 7.46269
internal_count=404 258 146 111 114 75 50 144 97 54 67 47 43
is_linear=0
shrinkage=0.06


Tree=25
num_leaves=11
num_cat=0
split_feature=4 5 2 1 2 6 1 5 6 5
split_gain=5.78473 4.84075 4.55465 3.37513 3.53364 2.71532 2.23715 0.883603 0.471839 0.257253
threshold=2.5000000000000004 6.0105000000000013 20.002300000000002 62.197809720000002 21.790000000000003 106.50000000000001 46.931895960000006 2.0920000000000005 97.050000000000011 7.7555000000000005
decision_type=2 2 8 2 10 2 2 2 2 2
left_child=-1 2 5 6 -5 -2 -4 -7 -3 -10
right_child=1 8 3 4 -6 7 -8 -9 9 -11
leaf_value=0.053934980738539431 -0.053173545129836797 -0.020116491854860839 -0.0026635137163193716 0.044527202299349804 -0.025865775125236717 0.017137383709036814 0.040691582061338195 -0.021981436075687061 -0.066477218166347718 -0.032758829267818347
leaf_weight=5.3619398698210707 7.8638417124748221 5.4072673320770255 5.135604843497279 3.1692767292261115 11.680287182331083 3.837196618318556 13.76373068243265 4.2779550775885582 4.4259448722004873 5.1305969506502151
leaf_count=38 38 29 30 22 62 23 89 23 23 27
internal_value=0 -0.0106058 -0.0012274 0.0108859 -0.00962996 -0.0279382 0.0279581 -0.00126628 -0.0405694 -0.0502584
internal_weight=0 64.6917 49.7279 33.7489 14.8496 15.979 18.8993 8.11515 14.9638 9.55654
internal_count=404 366 287 203 84 84 119 46 79 50
is_linear=0
shrinkage=0.06


Tree=26
num_leaves=10
num_cat=0
split_feature=4 2 5 1 1 1 13 5 6
split_gain=5.21466 4.39088 4.04134 2.37706 4.52432 2.89091 1.92975 1.35488 1.10939
threshold=2.5000000000000004 19.330000000000002 6.0105000000000013 62.197809720000002 72.516084875000004 52.836413415000003 1.0000000180025095e-35 7.7555000000000005 106.50000000000001
decision_type=2 8 2 2 2 2 10 2 2
left_child=-1 6 3 5 -5 -3 8 -4 -2
right_child=1 2 7 4 -6 -7 -8 -9 -10
leaf_value=0.051780998270303066 -0.066260480191530371 0 -0.058509741964977963 -0.027487585438519015 0.043324611483702376 0.04414512631254381 0 -0.011418059948488404 -0.020659206386333673
leaf_weight=5.253265179693698 7.1315565258264524 10.445733949542047 4.6909389644861204 12.237450659275057 4.3095179051160803 10.504949584603308 4.0089419335126868 6.4693858027458191 4.5398110598325729
leaf_count=38 34 61 25 67 27 71 21 36 24
internal_value=0 -0.0100754 -0.000797529 0.00825458 -0.00795734 0.021918 -0.0377179 -0.0328246 -0.0500652
internal_weight=0 64.3383 48.658 37.4977 16.547 20.9507 15.6803 11.1603 11.6714
internal_count=404 366 287 226 94 132 79 61 58
is_linear=0
shrinkage=0.06


Tree=27
num_leaves=12
num_cat=0
split_feature=9 6 12 2 2 5 3 6 5 6 5
split_gain=5.46588 5.07105 3.13308 3.22774 2.73953 2.45873 2.78623 2.12289 2.09111 1.10017 0.879558
threshold=1.0000000180025095e-35 120.40000000000002 1.0000000180025095e-35 20.415000000000003 19.005000000000006 2.6035000000000008 1.0000000180025095e-35 133.50000000000003 6.0105000000000013 115.50000000000001 1.7590000000000001
decision_type=2 2 2 10 10 2 2 2 2 2 2
left_child=1 2 3 -1 -4 7 -7 10 -6 -2 -3
right_child=9 5 4 -5 8 6 -8 -9 -10 -11 -12
leaf_value=-0.02800969830581404 0.063198191850966798 0.02484856402579359 -0.07149196516459641 0.031000010880003682 -0.0099995420209741479 -0.040810357424805072 0.018676258670250166 0 -0.05401211017158087 0.011810342270313932 0.084761680432335076
leaf_weight=7.0057709813117963 4.24666880071163 2.887408412992956 6.3126191198825863 6.3720247223973274 14.895564027130606 4.7503960579633695 6.7122187167406082 3.0968517288565636 6.0788788795471183 3.9255224391818047 2.9057973250746727
leaf_count=35 30 20 31 39 83 25 39 18 33 29 22
internal_value=0 -0.0112952 -0.0236883 0 -0.0353495 0.012582 -0.00440617 0.0365109 -0.0236136 0.0407166 0.0580073
internal_weight=0 61.0175 40.6649 13.3778 27.2871 20.3527 11.4626 8.89006 20.9744 8.17219 5.79321
internal_count=404 345 221 74 147 124 64 60 116 59 42
is_linear=0
shrinkage=0.06


Tree=28
num_leaves=17
num_cat=0
split_feature=5 2 1 5 7 2 1 1 5 2 8 1 5 1 1 2
split_gain=3.8238 2.94579 2.95309 2.86437 2.17133 5.43708 2.03195 3.09674 1.88446 1.69107 2.2477 1.61373 1.4234 1.12232 0.400482 0.234231
threshold=3.6445000000000003 19.730000000000004 59.882272420000007 3.2630000000000003 1.0000000180025095e-35 20.415000000000003 61.181724845000012 50.500000000000007 6.0105000000000013 24.790000000000003 1.0000000180025095e-35 69.955509925000015 7.5120000000000013 60.990075290000007 56.636550305000007 24.23
decision_type=2 10 2 2 2 8 2 2 2 10 2 2 2 2 2 10
left_child=3 2 -2 4 6 13 7 -1 9 10 -3 -8 -10 -6 -7 -14
right_child=1 8 -4 -5 5 14 11 -9 12 -11 -12 -13 15 -15 -16 -17
leaf_value=-0.023375204823968064 -0.087569101249465653 -0.036733175429550721 -0.015282429628450412 0.062448664492660698 -0.037562751599893883 0.075519553854919347 -0.056870013688694585 0.0528572102006723 -0.056591809890078663 0.041356507336532435 0.025956497730442729 0 0 0.0039289998954075943 0.035141954523422475 -0.018679753580532674
leaf_weight=4.1796439960598937 4.0943327993154508 4.3123688697814959 5.5574392750859261 3.259116254746913 4.2730585783720043 3.0487507432699186 4.6836889237165433 3.3526013568043709 3.6941482350230199 3.9100035429000846 3.7260875925421715 3.7196512818336487 3.8718485087156296 3.7203607186675072 5.746441088616848 3.518244206905365
leaf_count=22 19 21 30 21 22 25 24 26 20 23 23 23 22 22 41 20
internal_value=0 -0.0196366 -0.0478118 0.00853712 0.00261783 0.0181248 -0.0125897 0.00816611 -0.00704841 0.00837039 -0.00543522 -0.033336 -0.0252933 -0.0159995 0.051185 -0.00721219
internal_weight=0 32.6845 9.65177 35.9833 32.7242 16.7886 15.9356 7.53225 23.0327 11.9485 8.03846 8.40334 11.0842 7.99342 8.79519 7.39009
internal_count=404 178 49 226 205 110 95 48 129 67 44 47 62 44 66 42
is_linear=0
shrinkage=0.06


Tree=29
num_leaves=11
num_cat=0
split_feature=9 4 13 5 1 1 5 13 1 5
split_gain=4.91185 4.34319 3.56805 2.55987 3.01888 1.47407 1.35123 0.583762 0.360682 0.332864
threshold=1.0000000180025095e-35 3.5000000000000004 2.5000000000000004 6.0105000000000013 62.197809720000002 60.990075290000007 2.7805000000000004 70.000000000000014 62.83641341500001 8.0555000000000021
decision_type=2 2 10 2 2 2 2 8 2 2
left_child=1 5 3 4 -3 -1 -7 -2 -9 -5
right_child=7 2 -4 9 -6 6 -8 8 -10 -11
leaf_value=0 0.0065335697370363646 0.00069965048654010151 0.031021509461953221 -0.067011848268226315 -0.034934013551748251 0.065198685358878003 0.0015560824523967157 0.072837596240329178 0.025275624740379449 -0.033821701689947033
leaf_weight=5.7035284042358381 2.54570122808218 17.849321916699409 4.3957568034529677 4.8004284352064115 14.919553510844706 3.6456693932414055 2.7031561657786369 2.6089619845151883 2.8571332544088364 6.1476041078567505
leaf_count=36 17 102 28 26 77 27 16 22 20 33
internal_value=0 -0.0104785 -0.0187468 -0.0241627 -0.0149749 0.0210348 0.0409366 0.0393019 0.0512699 -0.0500189
internal_weight=0 60.165 48.1127 43.7169 32.7689 12.0524 6.34883 8.0118 5.4661 10.948
internal_count=404 345 266 238 179 79 43 59 42 59
is_linear=0
shrinkage=0.06


Tree=30
num_leaves=10
num_cat=0
split_feature=4 2 14 5 1 5 5 6 1
split_gain=4.28496 3.36879 4.80623 2.25788 1.92341 1.68686 1.58757 2.6429 1.21581
threshold=2.5000000000000004 20.002300000000002 1.0000000180025095e-35 6.0105000000000013 62.197809720000002 8.1900000000000013 3.7120000000000002 106.50000000000001 61.181724845000012
decision_type=2 8 10 2 2 2 2 2 2
left_child=-1 6 3 4 -3 -5 7 -2 -8
right_child=1 2 -4 5 -6 -7 8 -9 -10
leaf_value=0.048885570118844486 -0.050266433180204503 0.016758515459569939 0.05847860776051772 -0.054309768118571453 -0.01416730100870256 0 -0.070221794490464437 0.010083485762778604 -0.018206278352326029
leaf_weight=4.9960129410028449 4.0199941396713275 15.328436464071276 4.6401966065168372 5.2760073989629728 13.453606396913527 4.3004823923110962 4.8924111127853376 6.5697899237275124 4.15687595307827
leaf_count=38 20 98 33 30 76 24 24 39 22
internal_value=0 -0.00857115 0.000422837 -0.00613086 0.00167745 -0.0314783 -0.0291796 -0.0111262 -0.0483171
internal_weight=0 62.6378 42.9987 38.3585 28.782 9.57649 19.6391 10.5898 9.04929
internal_count=404 366 261 228 174 54 105 59 46
is_linear=0
shrinkage=0.06


Tree=31
num_leaves=12
num_cat=0
split_feature=9 2 13 5 1 1 5 1 1 13 5
split_gain=4.4449 3.29873 7.60146 2.37584 1.81465 1.50151 1.34614 1.14581 1.09431 0.455086 0.199488
threshold=1.0000000180025095e-35 20.250000000000004 inf 5.6750000000000007 60.990075290000007 65.114647500000004 8.2510000000000012 67.037303215000023 47.011293635000008 70.000000000000014 3.9475000000000002
decision_type=2 8 8 2 2 2 2 2 2 8 2
left_child=1 4 5 8 10 -3 -5 -6 -4 -2 -1
right_child=9 2 3 6 7 -7 -8 -9 -10 -11 -12
leaf_value=-0.032691283044139492 0.0076400097169268613 0.079833951222506944 -0.03019504413968584 -0.057020081581568897 0.008107730520262044 0.012730403365716916 -0.0054761074901300911 -0.030697732548731933 0.004526627746723428 0.049287369156436278 -0.064111483728582927
leaf_weight=5.626410625874998 2.5279258042573929 4.3558323606848717 3.9040552154183414 5.4903074428439123 5.068270839750765 2.6463695243000984 4.0028865039348602 4.9236873686313629 18.966699361801147 5.3092553466558448 4.3451861888170242
leaf_count=29 17 34 21 31 29 18 22 27 112 42 22
internal_value=0 -0.00971079 0 -0.0118961 -0.0295821 0.0570439 -0.0371822 -0.0092128 -0.000613357 0.0381505 -0.048188
internal_weight=0 59.3297 39.3662 32.3639 19.9636 7.0022 9.49319 9.99196 22.8708 7.83718 9.9716
internal_count=404 345 238 186 107 52 53 56 133 59 51
is_linear=0
shrinkage=0.06


Tree=32
num_leaves=12
num_cat=0
split_feature=9 6 12 2 2 11 6 6 2 12 2
split_gain=4.01166 4.05909 2.5133 2.24515 2.08394 1.34031 1.07148 0.87168 2.00913 0.623622 0.173118
threshold=1.0000000180025095e-35 120.40000000000002 1.0000000180025095e-35 20.415000000000003 19.005000000000006 1.0000000180025095e-35 115.50000000000001 134.50000000000003 22.910000000000004 2.5000000000000004 25.795000000000005
decision_type=2 2 2 10 10 2 2 2 8 2 8
left_child=1 2 3 -1 -4 -6 -2 8 9 -3 -10
right_child=6 7 4 -5 5 -7 -8 -9 10 -11 -12
leaf_value=-0.022464709894771961 0.059192940663903564 0.018463221241249661 -0.063985595726083991 0.027406049404192393 -0.030115727243274285 0.0020670743745828538 0.0075909307774088761 -0.0063915978885429481 0.054898549455815862 -0.015875746950506354 0.018591098715087937
leaf_weight=6.8983201012015325 3.986610271036624 3.3762159049510965 5.967108458280566 6.1260566338896751 14.871640756726267 5.327558144927024 3.7313338406383991 5.0985393598675719 4.2871045321226129 4.3410661965608597 2.631093718111515
leaf_count=35 30 22 31 39 85 31 29 29 32 24 17
internal_value=0 -0.0092091 -0.0205596 0 -0.0312871 -0.0207364 0.0365775 0.0124202 0.0202036 0 0.0436921
internal_weight=0 58.9247 39.1907 13.0244 26.1663 20.1992 7.71794 19.734 14.6355 7.71728 6.9182
internal_count=404 345 221 74 147 116 59 124 95 46 49
is_linear=0
shrinkage=0.06


Tree=33
num_leaves=12
num_cat=0
split_feature=4 11 6 8 3 6 5 5 5 6 5
split_gain=3.75167 2.89141 3.83607 1.92569 2.3019 1.51542 1.40201 0.619716 0.507395 0.329442 0.247283
threshold=2.5000000000000004 1.0000000180025095e-35 110.50000000000001 1.0000000180025095e-35 1.0000000180025095e-35 124.50000000000001 3.2630000000000003 3.7285000000000004 4.6540000000000008 127.50000000000001 3.7285000000000004
decision_type=2 2 2 2 2 2 2 2 2 2 2
left_child=-1 3 7 4 10 8 -6 -3 -5 -4 -2
right_child=1 2 9 5 6 -7 -8 -9 -10 -11 -12
leaf_value=0.047048869907409495 -0.031941556675045127 0.0043805957332329736 0.064427866366362968 -0.016790322812726261 -0.037604840716379408 0.028424903120942722 0 -0.025199986379858968 0.0028939237991883683 0.021570743028955529 -0.068627453911214761
leaf_weight=4.8220226876437655 3.8963656723499298 3.6570347249507886 3.8626893311738959 13.323407329618936 5.0897764116525659 4.4298143312335005 9.9873093366622907 4.8287139534950256 5.1390694677829734 2.7014285176992416 4.3932280242443085
leaf_count=38 20 22 29 80 27 34 59 24 28 18 25
internal_value=0 -0.00765716 0.0145831 -0.0152819 -0.0274754 -0.00204939 -0.0119425 -0.0103307 -0.0103362 0.0495324 -0.0535553
internal_weight=0 61.3088 15.0499 46.259 23.3667 22.8923 15.0771 8.48575 18.4625 6.56412 8.28959
internal_count=404 366 93 273 131 142 86 46 108 47 45
is_linear=0
shrinkage=0.06


Tree=34
num_leaves=8
num_cat=0
split_feature=4 2 10 2 1 0 5
split_gain=3.37569 2.48347 3.18479 2.47579 2.69034 1.7333 0.287766
threshold=2.5000000000000004 19.330000000000002 1.0000000180025095e-35 29.850000000000005 72.516084875000004 1.0000000180025095e-35 3.7120000000000002
decision_type=2 8 2 10 2 2 2
left_child=-1 5 3 4 -3 -2 -7
right_child=1 2 -4 -5 -6 6 -8
leaf_value=0.045173785837908695 0 0.0036202836872852437 -0.051037791949505293 -0.04056218837309427 0.057128008094009593 -0.026856134674278165 -0.059831146137601772
leaf_weight=4.723904635757207 5.2548337727785084 34.303898610174656 4.0664965212345114 3.8296452388167372 3.8975897952914229 5.1877124756574631 4.3712372332811356
leaf_count=38 29 215 23 22 27 27 23
internal_value=0 -0.00721785 0 0.00455645 0.00955071 -0.0285961 -0.0438184
internal_weight=0 60.9114 46.0976 42.0311 38.2015 14.8138 9.55895
internal_count=404 366 287 264 242 79 50
is_linear=0
shrinkage=0.06


Tree=35
num_leaves=10
num_cat=0
split_feature=9 13 2 5 2 7 5 2 13
split_gain=3.45054 2.79667 2.65486 2.43044 2.14451 1.42874 1.06413 0.776783 0.377747
threshold=1.0000000180025095e-35 1.0000000180025095e-35 19.330000000000002 5.6750000000000007 20.750000000000004 1.0000000180025095e-35 8.1900000000000013 17.585000000000004 70.000000000000014
decision_type=2 10 8 2 10 2 2 10 8
left_child=1 2 7 5 -3 -4 -5 -1 -2
right_child=8 4 3 6 -6 -7 -8 -9 -10
leaf_value=-0.01916941944876379 0.0060742451923475708 -0.0034240113067132362 -0.0060161638612405751 -0.050259948596912921 0.052283326376903215 0.022901602639142524 -0.0059873976899817187 -0.058757563687606755 0.045398624964464993
leaf_weight=5.3900073915719968 2.4816748425364494 4.5169310271739942 19.174466080963612 5.4055673032999021 4.3710369169712067 8.8003684580326098 4.7050624713301659 5.4067586809396744 5.0287859849631777
leaf_count=29 17 24 107 32 34 63 27 29 42
internal_value=0 -0.00823286 -0.0140886 -0.00608287 0.0219472 0.0024374 -0.0314377 -0.0406614 0.0348014
internal_weight=0 57.7702 48.8822 38.0855 8.88797 27.9748 10.1106 10.7968 7.51046
internal_count=404 345 287 229 58 170 59 58 59
is_linear=0
shrinkage=0.06


Tree=36
num_leaves=10
num_cat=0
split_feature=4 13 6 5 1 5 5 5 6
split_gain=3.03779 2.35777 2.55307 1.0973 1.09939 1.08434 0.892075 3.0861 1.37598
threshold=2.5000000000000004 2.5000000000000004 120.40000000000002 5.4050000000000011 61.181724845000012 3.7120000000000002 6.0105000000000013 4.6540000000000008 97.050000000000011
decision_type=2 10 2 2 2 2 2 2 2
left_child=-1 2 6 4 -4 -3 7 -2 -8
right_child=1 5 3 -5 -6 -7 8 -9 -10
leaf_value=0.043623712590048401 -0.023111486823179987 0.049009579907166395 0.029187216071139624 -0.021151573818406433 -0.001688970660043857 0 -0.0070470075205381708 0.032961425367943449 -0.05894397805362786
leaf_weight=4.5996012687683097 21.906863324344162 3.5229641795158377 8.2130414620041865 3.6453442350029936 6.3496479615569106 3.1331608816981316 4.20968199521303 3.9850067794322959 5.2188079431653023
leaf_count=38 127 26 56 21 38 19 26 23 30
internal_value=0 -0.00671533 -0.0111407 0.00636459 0.0144885 0.0261693 -0.0206745 -0.0137861 -0.0376819
internal_weight=0 60.1845 53.5284 18.208 14.5627 6.65613 35.3204 25.8919 9.42849
internal_count=404 366 321 115 94 45 206 150 56
is_linear=0
shrinkage=0.06


Tree=37
num_leaves=10
num_cat=0
split_feature=4 11 6 6 13 1 0 1 1
split_gain=2.73652 2.46014 3.20423 1.90041 1.53783 1.3752 0.835037 0.510781 0.327357
threshold=2.5000000000000004 1.0000000180025095e-35 110.50000000000001 89.40000000000002 1.0000000180025095e-35 62.197809720000002 1.0000000180025095e-35 61.181724845000012 64.75564681500002
decision_type=2 2 2 2 10 2 2 2 2
left_child=-1 3 8 -2 5 -5 -6 -4 -3
right_child=1 2 7 4 6 -7 -8 -9 -10
leaf_value=0.041866935547139751 -0.048118032402096812 0 0.065921888405284651 -0.0031490899148087443 0.039006475096495775 -0.029603113009031408 0 0.01898484570082171 -0.020693158789308715
leaf_weight=4.5079110674560061 5.2755687758326522 4.3451545536518079 3.4016607627272597 19.175924353301525 3.0506272688508025 13.160990968346594 4.5340950489044189 2.9469296410679817 4.0623541101813316
leaf_count=38 30 25 26 119 20 74 30 21 21
internal_value=0 -0.00635425 0.0143338 -0.0135068 -0.0084821 -0.0144724 0.014684 0.0469696 -0.00816892
internal_weight=0 59.9533 14.7561 45.1972 39.9216 32.3369 7.58472 6.34859 8.40751
internal_count=404 366 93 273 243 193 50 47 46
is_linear=0
shrinkage=0.06


Tree=38
num_leaves=9
num_cat=0
split_feature=10 2 2 5 5 6 13 6
split_gain=2.51824 2.89088 2.5175 1.73864 1.88856 1.8279 1.1531 0.614426
threshold=1.0000000180025095e-35 19.330000000000002 29.850000000000005 3.7120000000000002 4.1880000000000015 121.40000000000002 1.0000000180025095e-35 105.50000000000001
decision_type=2 8 10 2 2 2 10 2
left_child=1 6 3 5 -5 -3 7 -1
right_child=-2 2 -4 4 -6 -7 -8 -9
leaf_value=-0.044352985699265733 -0.048603263845525019 0.0091636166873928747 -0.037792872247076163 -0.040328077672523777 0.0086856156507837696 0.046535607948502748 0.0023050260057384704 -0.010557534895743799
leaf_weight=6.6353490427136403 4.0097293034195891 14.030832894146444 3.693338803946971 3.51066626608372 14.438354715704916 8.5781590119004232 4.0289349555969229 5.1330529078841209
leaf_count=36 24 95 22 20 85 70 22 30
internal_value=0 0.00024656 0.00840672 0.0130576 0 0.0241392 -0.0214722 -0.0311419
internal_weight=0 60.0487 44.2514 40.558 17.949 22.609 15.7973 11.7684
internal_count=404 380 292 270 105 165 88 66
is_linear=0
shrinkage=0.06


Tree=39
num_leaves=11
num_cat=0
split_feature=9 2 14 12 1 1 5 1 12 5
split_gain=3.04059 2.12818 4.00484 1.96216 1.88075 1.67268 1.40921 0.952848 0.465939 0.289837
threshold=1.0000000180025095e-35 20.250000000000004 1.0000000180025095e-35 2.5000000000000004 60.990075290000007 62.83641341500001 1.8910000000000002 67.037303215000023 1.0000000180025095e-35 3.0925000000000007
decision_type=2 8 10 2 2 2 2 2 2 2
left_child=1 4 3 5 8 -3 -5 -6 -1 -2
right_child=9 2 -4 6 7 -7 -8 -9 -10 -11
leaf_value=-0.021399346106871945 0.052300134292505608 0.051269410905580022 0.059729820807000629 -0.052640377429423249 0.01367036423087617 -0.00076659823268726145 -0.0078593616958553079 -0.023681733860847123 -0.057916256678565876 0.016913803848628322
leaf_weight=4.4906109049916285 2.9304025359451762 3.4409109838306895 3.7476042583584777 3.1689543277025249 4.8374468311667425 4.4962178170681 22.434337832033634 4.6263482421636581 5.0839921608567238 4.4117419272661209
leaf_count=23 29 27 29 17 29 29 136 27 28 30
internal_value=0 -0.00739078 0.000474037 -0.00561018 -0.02374 0.0195243 -0.014105 -0.00268711 -0.0426693 0.0334888
internal_weight=0 56.3264 37.288 33.5404 19.0384 7.93713 25.6033 9.4638 9.5746 7.34214
internal_count=404 345 238 209 107 56 153 56 51 59
is_linear=0
shrinkage=0.06


Tree=40
num_leaves=9
num_cat=0
split_feature=10 5 11 5 3 5 5 5
split_gain=2.21024 2.56917 2.67716 1.41575 2.39114 1.80579 0.56097 1.0365
threshold=1.0000000180025095e-35 11.815000000000003 1.0000000180025095e-35 3.6445000000000003 1.0000000180025095e-35 1.8910000000000002 3.161 2.0180000000000002
decision_type=2 2 2 2 2 2 2 2
left_child=1 2 3 5 -5 -1 7 -4
right_child=-2 -3 6 4 -6 -7 -8 -9
leaf_value=-0.014212777298783955 -0.046132657580036429 -0.051759769936877809 0.032223233988965323 -0.044989836283578187 0 0.019570288984140198 0.03926283989748653 -0.010483349321798572
leaf_weight=9.0352763272821921 3.8880532383918753 3.185569316148757 4.06168584525585 6.7012629061937341 11.93327147513628 14.103039678186176 7.101823627948761 3.2638912349939346
leaf_count=58 24 18 30 40 68 98 46 22
internal_value=0 0.000308334 0.00357997 -0.00374183 -0.016308 0.00560042 0.026027 0.0107383
internal_weight=0 59.3858 56.2003 41.7729 18.6345 23.1383 14.4274 7.32558
internal_count=404 380 362 264 108 156 98 52
is_linear=0
shrinkage=0.06


Tree=41
num_leaves=13
num_cat=0
split_feature=10 6 11 6 6 1 1 3 1 1 7 1
split_gain=2.00024 2.13116 1.22451 2.26288 1.94317 0.871032 2.3245 0.673145 0.869823 0.729581 0.169637 0.0757276
threshold=1.0000000180025095e-35 120.40000000000002 1.0000000180025095e-35 113.50000000000001 90.500000000000014 70.045859000000021 60.990075290000007 1.0000000180025095e-35 61.181724845000012 52.836413415000003 1.0000000180025095e-35 69.955509925000015
decision_type=2 2 2 2 2 2 2 2 2 2 2 2
left_child=1 2 3 4 -1 6 -4 10 9 -9 -3 -10
right_child=-2 7 5 -5 -6 -7 -8 8 11 -11 -12 -13
leaf_value=-0.034686859890471225 -0.044393238577448604 -0.0057039985749638405 -0.0021269659067673159 -0.048206223983172224 0.0047527528320588869 -0.015048054305187956 0.062105438987081735 0.012279965765524163 0 0.064643107556562093 0.01050736901702805 0.012529304391846336
leaf_weight=5.9484808668494287 3.8006918579339972 3.7369281873106974 4.7704931423068029 5.7977871969342223 16.540706619620323 3.1395113691687584 2.9970974773168564 2.8801227733492833 2.9428371414542198 3.1127232685685158 4.4999572783708572 2.7900329977273941
leaf_count=35 24 24 30 32 104 18 21 19 19 25 32 21
internal_value=0 0.000251496 -0.007564 -0.0143957 -0.0048788 0.00850325 0.0203396 0.0164979 0.0258726 0.0424813 0.000967268 0.00537083
internal_weight=0 59.1567 39.1941 28.287 22.4892 10.9071 7.76759 19.9626 11.7257 5.99285 8.23689 5.73287
internal_count=404 380 240 171 139 69 51 140 84 44 56 40
is_linear=0
shrinkage=0.06


Tree=42
num_leaves=11
num_cat=0
split_feature=4 5 1 1 3 1 0 1 0 3
split_gain=2.31321 1.80413 2.23092 3.57748 3.56075 2.79387 2.3629 1.76053 1.6199 0.178338
threshold=2.5000000000000004 6.0105000000000013 62.197809720000002 52.836413415000003 1.5000000000000002 72.516084875000004 1.0000000180025095e-35 43.087953455000012 1.0000000180025095e-35 1.5000000000000002
decision_type=2 2 2 2 2 2 2 2 2 2
left_child=-1 2 3 7 -5 6 -4 -2 -3 -10
right_child=1 8 5 4 -6 -7 -8 -9 9 -11
leaf_value=0.039892127949543242 0.020543478783598006 0 0.0033635087497821551 0.0047420190266736105 0.074365486554853449 0.022886760619711802 -0.043571696522702791 -0.024777178291954936 -0.056264757695701571 -0.02321363786517493
leaf_weight=4.3132574185729018 4.4033254161477116 4.9814912602305395 5.002397522330285 6.7182607352733594 5.1311051771044731 4.9516320377588263 10.652204088866711 8.7508382499217969 3.9920628070831299 3.805939294397831
leaf_count=38 29 29 28 47 38 32 62 51 25 25
internal_value=0 -0.00542771 0 0.0122012 0.03641 -0.0144608 -0.0274238 -0.00823781 -0.025354 -0.0424419
internal_weight=0 58.3893 45.6098 25.0035 11.8494 20.6062 15.6546 13.1542 12.7795 7.798
internal_count=404 366 287 165 85 122 90 80 79 50
is_linear=0
shrinkage=0.06


Tree=43
num_leaves=10
num_cat=0
split_feature=9 4 2 13 1 1 1 12 11
split_gain=2.73306 2.19371 2.53198 2.0444 1.24487 2.30992 1.44376 0.487794 0.304553
threshold=1.0000000180025095e-35 3.5000000000000004 20.250000000000004 2.5000000000000004 62.197809720000002 52.836413415000003 72.516084875000004 2.5000000000000004 1.0000000180025095e-35
decision_type=2 2 8 10 2 2 2 2 2
left_child=1 2 -1 4 5 -3 -6 -4 -2
right_child=8 3 7 -5 6 -7 -8 -9 -10
leaf_value=-0.016806809824590912 0.016686467294500629 -0.024619722184928909 0.058013351952246196 0.026159742888380116 -0.039312484650393761 0.013338746047340753 0 0.014746940336741005 0.053268139169320557
leaf_weight=4.2449210733175251 4.5374820940196505 12.50293915718794 3.5700288824737081 4.0290432050824156 13.277208484709265 10.111112020909784 4.2562296390533438 3.1958284005522728 2.6240433752536774
leaf_count=24 36 73 32 28 75 66 24 23 23
internal_value=0 -0.00664951 0.0166105 -0.0128544 -0.0172181 -0.00685191 -0.0295614 0.040237 0.0326037
internal_weight=0 55.1873 11.0108 44.1765 40.1475 22.6141 17.5334 6.76586 7.16153
internal_count=404 345 79 266 238 139 99 55 59
is_linear=0
shrinkage=0.06


Tree=44
num_leaves=15
num_cat=0
split_feature=9 6 12 1 1 6 1 7 1 6 6 1 3 1
split_gain=2.46034 2.46579 1.53166 1.21849 2.91161 1.18234 0.793666 0.900359 0.429413 0.291951 0.127858 0.91535 0.4755 0.05875
threshold=1.0000000180025095e-35 120.40000000000002 1.0000000180025095e-35 64.75564681500002 52.836413415000003 115.50000000000001 52.836413415000003 1.0000000180025095e-35 65.114647500000004 128.50000000000003 104.25000000000001 60.990075290000007 1.5000000000000002 46.087611225000011
decision_type=2 2 2 2 2 2 2 2 2 2 2 2 2 2
left_child=1 2 3 4 -1 -2 13 9 -9 -8 11 -4 -12 -3
right_child=5 6 10 -5 -6 -7 7 8 -10 -11 12 -13 -14 -15
leaf_value=-0.016890086218647533 0.054996702452546321 0 -0.032783272297843655 -0.022692136578843704 0.054120751886778881 0 0.015879351274403299 0.059730824646820155 0.012679624363760331 -0.0076653173182524119 -0.017876639541813268 0 -0.052971835374198341 -0.0090248041277589328
leaf_weight=3.9545471221208555 3.6858356036245814 3.1473024189472225 6.9711289107799548 4.6542854160070419 3.8728131055831909 3.3807899728417397 3.6930837631225568 2.6182570531964302 2.6361716799438 2.9076467677950859 6.3258723914623243 6.9035879448056221 3.6484802067279816 3.510031271725893
leaf_count=21 30 20 42 26 27 29 24 22 21 17 40 44 21 20
internal_value=0 -0.00624603 -0.015537 9.54389e-05 0.015945 0.0312293 0.0110152 0.0205963 0.0395507 0.00278086 -0.0244732 -0.0173921 -0.0325186 -0.00334259
internal_weight=0 54.8432 36.3307 12.4816 7.82736 7.06663 18.5125 11.8552 5.25443 6.60073 23.8491 13.8747 9.97435 6.65733
internal_count=404 345 221 74 48 59 124 84 43 41 147 86 61 40
is_linear=0
shrinkage=0.06


Tree=45
num_leaves=10
num_cat=0
split_feature=4 5 1 1 1 0 1 0 1
split_gain=1.90232 1.63606 1.88902 2.79062 2.41371 2.11339 1.52062 1.51457 0.410151
threshold=2.5000000000000004 6.0105000000000013 62.197809720000002 52.836413415000003 72.516084875000004 1.0000000180025095e-35 43.087953455000012 1.0000000180025095e-35 59.015400410000005
decision_type=2 2 2 2 2 2 2 2 2
left_child=-1 2 3 6 5 -4 -2 -3 -5
right_child=1 7 4 8 -6 -7 -8 -9 -10
leaf_value=0.037224420056697426 0.020814001994877849 0 0.0039287137572447742 0.02083358585630081 0.021830024632174427 -0.040645678309312913 -0.021650385897449567 -0.040819072635660855 0.052585830143506887
leaf_weight=4.1393759027123442 4.3591141998767879 4.9315024688839895 4.9627838358283052 7.5050814077258092 4.9143569096922866 10.438386246562004 8.6722425594925863 7.5663796439766884 4.0587007701396942
leaf_count=38 29 29 28 54 32 62 51 50 31
internal_value=0 -0.00469902 0.000250803 0.0118219 -0.0128718 -0.0251135 -0.00606436 -0.0239263 0.0335347
internal_weight=0 57.4085 44.9107 24.5951 20.3155 15.4012 13.0314 12.4979 11.5638
internal_count=404 366 287 165 122 90 80 79 85
is_linear=0
shrinkage=0.06


Tree=46
num_leaves=11
num_cat=0
split_feature=2 13 4 6 2 6 8 13 6 6
split_gain=1.83453 2.08911 1.9963 2.14342 1.8254 2.89973 0.838325 0.821264 0.682644 0.516156
threshold=19.330000000000002 2.5000000000000004 3.5000000000000004 113.50000000000001 21.790000000000003 95.500000000000014 1.0000000180025095e-35 1.0000000180025095e-35 125.50000000000001 105.50000000000001
decision_type=8 10 2 2 10 2 2 10 2 2
left_child=7 2 3 -2 6 -6 -4 9 -5 -1
right_child=1 -3 4 8 5 -7 -8 -9 -10 -11
leaf_value=-0.040417635758195652 0.072615766816960386 0.046167035151467459 0 -0.015496783982180988 -0.057178147556457296 -0.0037727593593535149 0.033530546301033054 0 0.028343431557050179 -0.0085151896024342859
leaf_weight=6.336977541446684 2.6076354756951323 3.9178157076239577 3.8209498301148397 2.6341600678861141 4.6890011653304127 21.053322438150644 4.9317860975861549 3.9580191969871512 2.2801822870969772 4.9755825772881508
leaf_count=37 23 32 24 19 27 131 37 22 22 30
internal_value=0 0.00424984 0 0.0283386 -0.00576375 -0.0141999 0.0169909 -0.0196529 0.00118168 -0.0279772
internal_weight=0 45.9349 42.017 7.52198 34.4951 25.7423 8.75274 15.2706 4.91434 11.3126
internal_count=404 315 283 64 219 158 61 89 41 67
is_linear=0
shrinkage=0.06


Tree=47
num_leaves=14
num_cat=0
split_feature=9 6 12 6 3 6 7 4 11 6 6 6 6
split_gain=2.19319 2.15784 1.26673 1.08244 0.685535 1.2368 0.609077 0.495011 0.475698 1.03917 0.424995 0.319967 0.00359639
threshold=1.0000000180025095e-35 120.40000000000002 1.0000000180025095e-35 115.50000000000001 1.0000000180025095e-35 133.50000000000003 1.0000000180025095e-35 3.5000000000000004 1.0000000180025095e-35 112.50000000000001 125.50000000000001 107.50000000000001 101.04500000000002
decision_type=2 2 2 2 2 2 2 2 2 2 2 2 2
left_child=1 2 7 -2 6 10 -3 -1 9 -4 -6 -9 -10
right_child=3 4 8 -5 5 -7 -8 11 12 -11 -12 -13 -14
leaf_value=0.021053776800642368 0.053293490129017143 -0.020149487662327905 -0.019300448059225619 0 0.016372654862851964 -0.0034114896721016076 0.013698574867330981 -0.016646295240600979 -0.010304643723574394 -0.062813302891365261 0.056212499599772543 0.0035170796067710165 0
leaf_weight=3.2555025070905677 3.5725741274654856 3.8356340229511288 12.305702887475492 3.3428321294486523 4.2421869523823243 3.8044764399528503 3.4835099168121815 5.2100370675325376 4.0898940861225119 3.1745351180434218 2.9295555762946606 3.8146199807524681 3.7096242308616638
leaf_count=22 30 22 82 29 30 23 25 29 22 20 24 23 23
internal_value=0 -0.00570822 -0.014539 0.030063 0.0104719 0.0201485 -0.00158037 0 -0.0227766 -0.0293864 0.0351565 -0.00612893 -0.00734993
internal_weight=0 53.8553 35.5599 6.91541 18.2954 10.9762 7.31914 12.2802 23.2798 15.4802 7.17174 9.02466 7.79952
internal_count=404 345 221 59 124 77 47 74 147 102 54 52 45
is_linear=0
shrinkage=0.06


Tree=48
num_leaves=10
num_cat=0
split_feature=9 2 13 1 11 4 1 1 13
split_gain=1.9799 1.82507 4.43312 1.84806 1.97411 1.82109 1.39789 0.719417 0.525156
threshold=1.0000000180025095e-35 20.250000000000004 inf 60.990075290000007 1.0000000180025095e-35 3.5000000000000004 65.114647500000004 69.118412045000014 47.500000000000007
decision_type=2 8 8 2 2 2 2 2 8
left_child=1 3 6 -1 -5 -4 -3 -7 -2
right_child=8 2 5 4 -6 7 -8 -9 -10
leaf_value=-0.039776997465150128 0 0.073363196616569343 0.028326727611546604 -0.022409866440925345 0.036231704280466855 -0.018926921230344153 0.0049583456559744547 0.0037636475347979075 0.040317288145312831
leaf_weight=9.2528906092047709 2.1991097256541252 3.6489043086767197 4.1697758585214642 5.782950781285761 3.2013936638832092 20.030666612088684 2.3875393494963646 5.0810501724481574 4.6398484446108332
leaf_count=51 16 34 34 36 20 123 18 29 43
internal_value=0 -0.005415 0.00208546 -0.0209273 0 -0.00703104 0.0492895 -0.013619 0.0287465
internal_weight=0 53.5552 35.3179 18.2372 8.98434 29.2815 6.03644 25.1117 6.83896
internal_count=404 345 238 107 56 186 52 152 59
is_linear=0
shrinkage=0.06


Tree=49
num_leaves=9
num_cat=0
split_feature=4 11 6 6 3 6 6 6
split_gain=1.49728 1.58928 2.5072 1.39273 0.885725 1.01793 0.280002 0.207841
threshold=2.5000000000000004 1.0000000180025095e-35 110.50000000000001 89.40000000000002 1.0000000180025095e-35 126.50000000000001 127.50000000000001 112.50000000000001
decision_type=2 2 2 2 2 2 2 2
left_child=-1 3 -3 -2 7 -6 -4 -5
right_child=1 2 6 4 5 -7 -8 -9
leaf_value=0.034301092987683898 -0.041291010084249631 -0.0068102255986409767 0.057854367269850236 -0.0036219153073782074 -0.0050024791212789502 0.02551548423312601 0.016244210309357788 -0.026177080633638581
leaf_weight=3.9206623882055274 4.7235423028469077 8.0572242960333806 3.4024617634713641 4.4633273929357511 20.704721592366699 4.8330695219337931 2.5220118388533592 7.3192838691174984
leaf_count=38 30 46 29 32 132 33 18 46
internal_value=0 -0.00389315 0.0130845 -0.00996719 -0.00552031 6.82585e-05 0.0431794 -0.0191607
internal_weight=0 56.0256 13.9817 42.0439 37.3204 25.5378 5.92447 11.7826
internal_count=404 366 93 273 243 165 47 78
is_linear=0
shrinkage=0.06


Tree=50
num_leaves=9
num_cat=0
split_feature=2 10 2 0 5 3 6 6
split_gain=1.54902 1.82047 1.95035 1.74756 1.34812 1.60975 1.13681 0.885554
threshold=19.330000000000002 1.0000000180025095e-35 30.050000000000004 1.0000000180025095e-35 5.6750000000000007 1.5000000000000002 88.500000000000014 105.50000000000001
decision_type=8 2 10 2 2 2 2 2
left_child=3 2 4 -1 6 -6 -2 -5
right_child=1 -3 -4 7 5 -7 -8 -9
leaf_value=0.0069021500455698579 -0.013402158933427364 -0.037383304863761048 -0.037991938077123165 -0.056741257531574024 -0.028498726131966308 0.02074091891243509 0.022774345049414637 -0.013635669110976878
leaf_weight=5.3257759436964962 2.8974189460277584 3.3491957709193221 2.8956087008118621 4.0442521795630455 5.5530443713068944 3.8728482499718666 26.148985683917999 5.5995305627584457
leaf_count=32 18 23 19 24 35 24 196 33
internal_value=0 0.00423892 0.00804383 -0.0179745 0.0119766 -0.00635783 0.018546 -0.0335791
internal_weight=0 44.7171 41.3679 14.9696 38.4723 9.42589 29.0464 9.64378
internal_count=404 315 292 89 273 59 214 57
is_linear=0
shrinkage=0.06


Tree=51
num_leaves=10
num_cat=0
split_feature=9 13 4 1 1 0 1 13 0
split_gain=1.78538 1.34265 1.12263 1.09022 0.966361 2.01448 1.62076 0.421447 0.28626
threshold=1.0000000180025095e-35 1.0000000180025095e-35 3.5000000000000004 60.990075290000007 62.197809720000002 1.0000000180025095e-35 52.836413415000003 47.500000000000007 1.0000000180025095e-35
decision_type=2 10 2 2 2 2 2 8 2
left_child=1 2 3 -1 6 -6 -4 -2 -3
right_child=7 8 4 -5 5 -7 -8 -9 -10
leaf_value=-0.0099597903453741091 0 0.031201478937399003 -0.019961080475769916 0.031370070350595837 0 -0.04227481963959942 0.013718743711290473 0.038490449774701035 0.0028395777758409377
leaf_weight=4.0367964841425401 2.1904441863298416 3.3177676014602167 11.458168968558313 4.296336941421032 5.9827737584710095 9.8454065024852753 8.8390504345297796 4.5088198073208323 4.863004744052887
leaf_count=29 16 23 70 34 33 61 60 43 35
internal_value=0 -0.00501856 -0.00939081 0.00918871 -0.0141749 -0.025563 -0.00440734 0.0277603 0.0165422
internal_weight=0 52.6393 44.4585 8.33313 36.1254 15.8282 20.2972 6.69926 8.18077
internal_count=404 345 287 63 224 94 130 59 58
is_linear=0
shrinkage=0.06


Tree=52
num_leaves=10
num_cat=0
split_feature=9 2 13 1 4 1 1 1 13
split_gain=1.60406 1.54635 3.75956 1.67984 1.36943 1.36445 0.723604 0.706715 0.377878
threshold=1.0000000180025095e-35 20.250000000000004 inf 60.990075290000007 3.5000000000000004 65.114647500000004 67.037303215000023 69.118412045000014 47.500000000000007
decision_type=2 8 8 2 2 2 2 2 8
left_child=1 3 5 -1 -4 -3 -5 -6 -2
right_child=8 2 4 6 7 -7 -8 -9 -10
leaf_value=-0.037174997356315687 0 0.071420699317946257 0.02498118227449285 0.016549774696314457 -0.017250431601539367 0.0028682106409151282 -0.017971501469136307 0.0056999840711516973 0.036929226897264418
leaf_weight=9.1100142896175402 2.1904441863298416 3.4399389661848545 4.027430139482024 4.4619153738021833 19.676570512354377 2.3376083038747311 4.2816882282495499 5.0120353847742072 4.4202386215329161
leaf_count=51 16 34 34 29 123 18 27 29 43
internal_value=0 -0.00469237 0.00226525 -0.0191429 -0.00606807 0.0467997 0 -0.0118622 0.0265726
internal_weight=0 52.3472 34.4936 17.8536 28.716 5.77755 8.7436 24.6886 6.61068
internal_count=404 345 238 107 186 52 56 152 59
is_linear=0
shrinkage=0.06


Tree=53
num_leaves=11
num_cat=0
split_feature=9 13 5 3 1 1 1 3 5 13
split_gain=1.43957 1.12844 1.20549 1.61523 1.53164 3.49235 0.99359 0.917992 0.444877 0.337987
threshold=1.0000000180025095e-35 1.0000000180025095e-35 5.6750000000000007 1.0000000180025095e-35 69.955509925000015 62.197809720000002 63.168720055000009 1.5000000000000002 3.7120000000000002 47.500000000000007
decision_type=2 10 2 2 2 2 2 2 2 8
left_child=1 2 4 -4 5 -1 -5 -6 -3 -2
right_child=9 8 3 6 7 -7 -8 -9 -10 -11
leaf_value=0.0049064782234431196 0 0.025882611521783387 -0.063045930804993058 0.0066007814388102867 0.046131996111803998 -0.041191605794641595 -0.034845285365297671 0 0 0.035415348718728722
leaf_weight=18.361091151833538 2.1904441863298416 5.2802412249147874 3.1660660579800588 4.5106629580259323 3.2215698212385169 8.3933020606636983 3.2308813184499741 3.0843825303018093 2.7900660187005997 4.3352943472564212
leaf_count=120 16 41 21 33 23 50 20 20 17 43
internal_value=0 -0.00437036 -0.00842463 -0.0258915 -0.00211731 -0.00888248 -0.00837134 0.023731 0.0154873 0.025432
internal_weight=0 52.0383 43.968 10.9076 33.0603 26.7544 7.74154 6.30595 8.07031 6.52574
internal_count=404 345 287 74 213 170 53 43 58 59
is_linear=0
shrinkage=0.06


Tree=54
num_leaves=7
num_cat=0
split_feature=2 0 10 2 1 1
split_gain=1.29711 1.53424 1.50719 1.6729 2.32417 2.28881
threshold=19.330000000000002 1.0000000180025095e-35 1.0000000180025095e-35 29.850000000000005 72.516084875000004 62.197809720000002
decision_type=8 2 2 10 2 2
left_child=1 -1 3 4 5 -2
right_child=2 -3 -4 -5 -6 -7
leaf_value=0.0069045333524297503 0.018783726013945453 -0.0312752579148717 -0.034348319387757287 -0.031711611512264419 0.057781947942628226 -0.013120657618630781
leaf_weight=5.254517033696172 20.771155770868063 9.3962898850440979 3.2111655399203292 3.3102914839982978 3.6554073244333258 12.664332974702118
leaf_count=32 157 57 23 22 30 83
internal_value=0 -0.0163535 0.00421759 0.00772842 0.0117337 0.00616098
internal_weight=0 14.6508 43.6124 40.4012 37.0909 33.4355
internal_count=404 89 315 292 270 240
is_linear=0
shrinkage=0.06


Tree=55
num_leaves=13
num_cat=0
split_feature=6 0 2 2 2 5 5 3 2 6 6 6
split_gain=1.20154 1.36552 2.00538 2.20331 1.98938 1.30712 2.26452 1.52618 2.55375 1.27128 2.60321 0.201117
threshold=120.40000000000002 1.0000000180025095e-35 24.685000000000006 20.250000000000004 19.005000000000006 2.6035000000000008 1.7180000000000002 1.0000000180025095e-35 21.965000000000003 113.50000000000001 95.500000000000014 130.50000000000003
decision_type=2 2 10 10 10 2 2 2 10 2 2 2
left_child=1 2 3 -1 -3 6 -2 -7 -9 10 -6 -8
right_child=5 4 -4 -5 9 7 11 8 -10 -11 -12 -13
leaf_value=-0.0026449274680678085 -0.0030286601844099 -0.045809520433732029 -0.033419079713675477 0.048884236135796011 -0.032974384746311515 -0.027874042225025347 0.076557955740543804 -0.016900394544993626 0.055536467767466666 -0.031754402656238849 0.023342492965266377 0.030318346901020671
leaf_weight=5.6885408610105497 3.5795499235391635 6.1658997237682369 3.1135440766811362 5.148295059800148 4.3154468350112465 4.8304164484143239 2.2990755848586559 3.2765880599617958 3.2446003668010235 4.7803720608353606 8.9007995426654798 2.685341440141201
leaf_count=34 27 37 20 37 30 30 23 22 22 34 66 22
internal_value=0 -0.00714231 0.0069226 0.0201742 -0.0160077 0.0109844 0.0287935 -0.000865536 0.0163801 -0.00479702 0.00359161 0.0552577
internal_weight=0 38.1129 13.9504 10.8368 24.1625 19.9156 8.56397 11.3516 6.52119 17.9966 13.2162 4.98442
internal_count=404 258 91 71 167 146 72 74 44 130 96 45
is_linear=0
shrinkage=0.06


Tree=56
num_leaves=13
num_cat=0
split_feature=6 0 2 2 2 5 5 2 6 6 5 6
split_gain=1.06994 1.20521 1.78566 1.77826 1.97425 1.18168 2.09764 1.15774 1.12065 2.30778 0.446205 0.195675
threshold=120.40000000000002 1.0000000180025095e-35 19.005000000000006 24.685000000000006 20.250000000000004 2.6035000000000008 1.7180000000000002 21.965000000000003 113.50000000000001 95.500000000000014 4.3355000000000006 130.50000000000003
decision_type=2 2 10 10 10 2 2 10 2 2 2 2
left_child=1 3 -3 4 -1 6 -2 -7 9 -4 -9 -8
right_child=5 2 8 -5 -6 7 11 10 -10 -11 -12 -13
leaf_value=-0.0024872508321305818 -0.0028448214352858794 -0.043636442575310054 -0.031171501934586853 -0.031657279714385422 0.046245039494860439 -0.024521695135305395 0.074790962905136954 0.028465221849292534 -0.029836893389177738 0.021921548233287555 0 0.028774073442112243
leaf_weight=5.6862825751304609 3.582133814692499 6.0870530307292965 4.2918847352266338 3.0903430357575408 5.1165748462080956 4.8256833106279355 2.2147760614752769 3.5543129071593285 4.7822707630693904 8.9088213853538019 2.9649779722094536 2.6604773178696632
leaf_count=34 27 37 30 20 37 30 23 26 34 66 18 22
internal_value=0 -0.0068001 -0.0151556 0.00638018 0.0189277 0.0103419 0.0274325 -0.000812068 -0.00451413 0.00329609 0.0139771 0.0533712
internal_weight=0 37.9632 24.07 13.8932 10.8029 19.8024 8.45739 11.345 17.983 13.2007 6.51929 4.87525
internal_count=404 258 167 91 71 146 72 74 130 96 44 45
is_linear=0
shrinkage=0.06


Tree=57
num_leaves=14
num_cat=0
split_feature=11 6 2 3 5 8 5 1 5 2 8 0 6
split_gain=1.33498 2.49256 2.41162 1.59041 3.50676 1.97807 1.89231 1.36837 1.17415 1.13667 0.870227 0.728877 0.504687
threshold=1.0000000180025095e-35 110.50000000000001 20.750000000000004 1.0000000180025095e-35 3.7285000000000004 1.0000000180025095e-35 3.2630000000000003 62.83641341500001 6.0105000000000013 21.375000000000004 1.0000000180025095e-35 1.0000000180025095e-35 128.50000000000003
decision_type=2 2 8 2 2 2 2 2 2 10 2 2 2
left_child=2 9 10 4 5 -4 7 -5 -8 -2 -1 -12 -3
right_child=1 12 3 6 -6 -7 8 -9 -10 -11 11 -13 -14
leaf_value=-0.051443961123212402 0.012882629042467364 0.059476507717164374 -0.017664226091613593 0.021541696319207517 -0.056163227073026539 0.051708893649340774 0.049781072322608852 -0.026914906643762556 0.0027618359297230514 -0.029861521062551487 0.00078545468459592042 -0.027838025088058212 0.011531298540966635
leaf_weight=4.1425477415323231 4.7006440386176092 3.8026542626321307 2.6696131154894847 3.391456354409458 4.3630610033869743 2.7716293819248676 5.8926411867141706 4.9077390506863594 4.1135212257504463 3.9019104577600956 4.2572656348347664 6.2239947244524956 2.3619968183338642
leaf_count=31 30 35 15 33 28 29 37 34 32 23 25 35 17
internal_value=0 0.0145894 -0.00627709 0.00344319 -0.0151854 0.0143646 0.0144039 -0.00494429 0.0322504 -0.00441268 -0.0261921 -0.0144944 0.0440261
internal_weight=0 14.7672 42.7335 28.1097 9.8043 5.44124 18.3054 8.2992 10.0062 8.60255 14.6238 10.4813 6.16465
internal_count=404 105 299 208 72 44 136 67 69 53 91 60 52
is_linear=0
shrinkage=0.06


Tree=58
num_leaves=10
num_cat=0
split_feature=10 13 1 1 12 1 0 1 1
split_gain=1.06157 0.832382 0.760293 1.6368 1.51859 1.33012 1.12998 0.740084 0.35885
threshold=1.0000000180025095e-35 2.5000000000000004 62.197809720000002 57.462354550000008 2.5000000000000004 72.516084875000004 1.0000000180025095e-35 54.882614650000008 59.882272420000007
decision_type=2 10 2 2 2 2 2 2 2
left_child=1 2 3 7 -5 6 -4 -1 -3
right_child=-2 8 5 4 -6 -7 -8 -9 -10
leaf_value=0.0013574232660943692 -0.034130914350828712 0.0024698229880095721 0.00014380905880511126 0.066374168081066803 0.0052369513314180901 0.016158803032627542 -0.029849710549329549 -0.027712891227735105 0.038790308017097701
leaf_weight=14.951452540233737 3.2308250889182082 3.362938590347766 5.754151258617644 2.6593095939606419 4.9520593993365765 4.7586936652660361 10.883776877075434 3.7279053144156924 2.8417892903089523
leaf_count=101 24 24 34 26 33 35 76 28 23
internal_value=0 0.00116551 -0.00116861 0.00522723 0.0289624 -0.00986863 -0.0183947 -0.00348061 0.0220058
internal_weight=0 53.8921 47.6873 26.2907 7.61137 21.3966 16.6379 18.6794 6.20473
internal_count=404 380 333 188 59 145 110 129 47
is_linear=0
shrinkage=0.06


Tree=59
num_leaves=14
num_cat=0
split_feature=11 4 1 5 1 1 3 1 5 5 3 1 5
split_gain=1.22044 1.30855 1.06038 1.02578 1.11791 2.81221 2.62725 2.11621 2.64027 2.54518 0.96385 0.918461 0.713993
threshold=1.0000000180025095e-35 3.5000000000000004 70.045859000000021 6.0105000000000013 62.197809720000002 52.836413415000003 1.0000000180025095e-35 71.01266256000001 2.3585000000000007 1.9910000000000003 1.5000000000000002 43.087953455000012 3.1950000000000007
decision_type=2 2 2 2 2 2 2 2 2 2 2 2 2
left_child=3 -2 12 4 5 11 -7 8 -6 -9 -5 -1 -3
right_child=1 2 -4 10 7 6 -8 9 -10 -11 -12 -13 -14
leaf_value=0.01317799920387395 0.046608660515282237 0 -0.025229069992015535 -0.048947404157018405 0 -0.0067308926606654508 0.059708871858086029 -0.026975370895907107 -0.063241533266347322 0.050075919332522999 -0.003920922709452818 -0.023457360371405708 0.03351730903033117
leaf_weight=3.0496968217194098 3.4949339963495722 4.0696938484907133 3.1174580268561831 3.5598408356308919 4.2312095612287504 2.7760666832327825 5.5104940738528967 2.6448145508766165 4.7078964859247208 3.251691896468401 5.2546230480074883 7.2675613667815924 3.9775781780481339
leaf_count=23 30 30 20 28 28 22 43 16 29 26 37 47 25
internal_value=0 0.0141772 0.00241285 -0.00586963 -0.000513366 0.00871063 0.0352788 -0.0132935 -0.0322968 0.0124627 -0.0241476 -0.0108836 0.0153579
internal_weight=0 14.6597 11.1647 42.2539 33.4394 18.6038 8.28656 14.8356 8.93911 5.89651 8.81446 10.3173 8.04727
internal_count=404 105 75 299 234 135 65 99 57 42 65 70 55
is_linear=0
shrinkage=0.06


end of trees

feature_importances:
Age=121
HGB=105
NLR=98
BMI=84
CPS=34
MSI=33
Stage=26
Diagnostic=25
Chemo=25
GeneMutation=24
Sex=21
Radiotherapy=20
Surgury=11
Drug=7
ki67=4

parameters:
[boosting: gbdt]
[objective: binary]
[metric: binary_logloss]
[tree_learner: serial]
[device_type: cpu]
[data_sample_strategy: bagging]
[data: ]
[valid: ]
[num_iterations: 60]
[learning_rate: 0.06]
[num_leaves: 28]
[num_threads: 40]
[seed: 42]
[deterministic: 0]
[force_col_wise: 0]
[force_row_wise: 0]
[histogram_pool_size: -1]
[max_depth: 5]
[min_data_in_leaf: 20]
[min_sum_hessian_in_leaf: 0.001]
[bagging_fraction: 0.45]
[pos_bagging_fraction: 1]
[neg_bagging_fraction: 1]
[bagging_freq: 0]
[bagging_seed: 400]
[feature_fraction: 0.5]
[feature_fraction_bynode: 1]
[feature_fraction_seed: 30056]
[extra_trees: 0]
[extra_seed: 12879]
[early_stopping_round: 0]
[early_stopping_min_delta: 0]
[first_metric_only: 0]
[max_delta_step: 0]
[lambda_l1: 0.3]
[lambda_l2: 0]
[linear_lambda: 0]
[min_gain_to_split: 0]
[drop_rate: 0.1]
[max_drop: 50]
[skip_drop: 0.5]
[xgboost_dart_mode: 0]
[uniform_drop: 0]
[drop_seed: 17869]
[top_rate: 0.2]
[other_rate: 0.1]
[min_data_per_group: 100]
[max_cat_threshold: 32]
[cat_l2: 10]
[cat_smooth: 10]
[max_cat_to_onehot: 4]
[top_k: 20]
[monotone_constraints: ]
[monotone_constraints_method: basic]
[monotone_penalty: 0]
[feature_contri: ]
[forcedsplits_filename: ]
[refit_decay_rate: 0.9]
[cegb_tradeoff: 1]
[cegb_penalty_split: 0]
[cegb_penalty_feature_lazy: ]
[cegb_penalty_feature_coupled: ]
[path_smooth: 0]
[interaction_constraints: ]
[verbosity: 1]
[saved_feature_importance_type: 0]
[use_quantized_grad: 0]
[num_grad_quant_bins: 4]
[quant_train_renew_leaf: 0]
[stochastic_rounding: 1]
[linear_tree: 0]
[max_bin: 255]
[max_bin_by_feature: ]
[min_data_in_bin: 3]
[bin_construct_sample_cnt: 200000]
[data_random_seed: 175]
[is_enable_sparse: 1]
[enable_bundle: 1]
[use_missing: 1]
[zero_as_missing: 0]
[feature_pre_filter: 1]
[pre_partition: 0]
[two_round: 0]
[header: 0]
[label_column: ]
[weight_column: ]
[group_column: ]
[ignore_column: ]
[categorical_feature: ]
[forcedbins_filename: ]
[precise_float_parser: 0]
[parser_config_file: ]
[objective_seed: 16083]
[num_class: 1]
[is_unbalance: 0]
[scale_pos_weight: 0.686667]
[sigmoid: 1]
[boost_from_average: 1]
[reg_sqrt: 0]
[alpha: 0.9]
[fair_c: 1]
[poisson_max_delta_step: 0.7]
[tweedie_variance_power: 1.5]
[lambdarank_truncation_level: 30]
[lambdarank_norm: 1]
[label_gain: ]
[lambdarank_position_bias_regularization: 0]
[eval_at: ]
[multi_error_top_k: 1]
[auc_mu_weights: ]
[num_machines: 1]
[local_listen_port: 12400]
[time_out: 120]
[machine_list_filename: ]
[machines: ]
[gpu_platform_id: -1]
[gpu_device_id: -1]
[gpu_use_dp: 0]
[num_gpu: 1]

end of parameters

pandas_categorical:[]
